, TLL06, TLL05, TLL04, TLL03, TLL02, TLL01, TBAL4, TBAL3, TBAL2, TBAL1, TBPL4, TBPL3, TBPL2, TBPL1, TL10, TL09, TL08, TL07, TL06, TL05, TL04, TL03, TL02, TL01, TR01, TR02, TR03, TR04, TR05, TR06, TR07, TR08, TR09, TR10, TBPR1, TBPR2, TBPR3, TBPR4, TBAR3, TBAR4, TLR01, TLR02, TLR03, TLR04, TLR05, TLR06
 TLL06,0.0,1.3582466257388428,1.3367318379213833,1.1874963894174944,1.5733236682389071,1.4784461744525061,1.5711004125872399,1.7265825337024654,1.818849102286606,2.157032340088353,1.7652054413544491,1.6980318434956452,1.6665704214013484,1.7536478937681905,2.4611555052507894,7.186371978511066,12.938006370766889,29.172484255096425,27.084315707289953,2.3721143007364085,1.716948418337914,1.8466290536583065,1.7822591896609732,1.683021123018718,2.6116062281966164,3.1679854969441474,3.156314415943035,8.766331640817711,6.2707881470376865,3.661541162508987,2.418927506613451,2.706298268510068,20.01328793248933,3.373279922705108,5.774273646017965,4.898735522079834,2.761016413355613,2.1211832218949334,2.6316225525840333,1.8917507212544948,1.654160334996954,2.452523427912866,2.0946460066775527,3.294626939684917,2.3196694082028433,1.9534171826812095
 TLL05,1.3582466257388428,0.0,1.2473183965151218,1.7474275270201989,1.7664446653203896,1.7620328950061956,1.9074636709232586,2.144284777457617,2.8758980717025557,2.0078058569798403,1.8927330364318846,1.8917559285793921,1.663658239861289,1.6097474745085127,1.9960208684615115,4.149143232427239,5.68200823812669,8.50966784181617,7.545982916191182,2.135043852607321,1.8752059697544372,2.0634625932164443,1.9536031202234128,1.4745790406972166,2.219804622762887,2.6880080561901463,3.15075743100899,4.015390949500278,3.5454332607518557,2.9008322244944194,2.382975191961966,2.1592792283882205,3.4882044804982737,2.165779384921971,4.345680044597217,3.6902586400512973,2.3338940619405197,2.446957698386891,2.490551012685855,1.8411443257090447,1.905218351734661,2.3195417723912546,2.421342776180492,2.728632378259823,2.21424535540824,1.9200108024491453
 TLL04,1.3367318379213833,1.2473183965151218,0.0,1.2878611333345165,1.7068498140013686,1.5890444456456885,1.8813347468600916,1.9990697396459318,2.361959062769664,2.2153767631157915,1.915304504517785,1.9145796588743773,1.6979411636252864,1.692427683819541,2.110044282837443,6.576466681062164,13.964692439644582,35.8223829031103,20.70274413155846,2.2688668823212486,1.6536921145508767,1.7894601588745982,1.760120157999081,1.644932057232233,2.2421089503424003,2.4866807979447554,2.6144371536931166,5.002708068404944,4.009372447836317,2.9350314151586674,2.265596824555344,2.2858936609167597,7.405321415532249,2.703809920964433,3.1242309703359235,3.2861558950767797,2.510020621447395,2.1981162689426705,2.582307057009655,1.7458228764979429,1.7386090604493019,2.094429012975849,2.0157864280930573,2.261678733741915,1.935889053145399,1.7241512472414189
 TLL03,1.1874963894174944,1.7474275270201989,1.2878611333345165,0.0,1.3242137630280553,1.3105917317518583,1.5015050065251636,1.5449700006671616,2.1169675043707654,1.9590486919502004,1.6390180780645522,1.6957870633830179,1.7631102225382698,1.7980182817248054,2.281326672577821,6.3192460486733495,11.636884161449068,22.21569054811808,33.20716081438114,2.3600653217171352,1.7608003623933675,1.9587348942345437,1.9421965442036024,1.6793509173192216,2.2132399144087835,2.405570036009215,2.3774546681150004,4.110973163551132,4.419103945339162,3.0361224841135654,2.180783010296496,2.1755866687147196,8.286999663692425,2.700564161528665,3.187693174586331,3.384034961820478,2.300077989503614,1.8096332211596633,2.469296871681109,1.647716431296513,1.610957770958706,1.9459514239005598,1.8345113015337697,2.232142475781309,1.7829825342220287,1.6355077615702545
 TLL02,1.5733236682389071,1.7664446653203896,1.7068498140013686,1.3242137630280553,0.0,1.101668926702048,1.4812690211324469,1.6090751079460193,2.3902909238888452,1.7244449809391897,1.57783697658845,1.5370248847641796,1.543628976931835,1.596696119749882,1.9481411311660908,3.352531956192897,4.818777341091663,5.507654418710948,5.261524329257431,1.8831524277132945,1.63129139654137,1.7450211110399743,1.7227017704701084,1.3980000078734613,1.7997700671759738,2.0224710140671425,1.9602985112492548,2.453265553073513,2.630805516794788,2.365670832449814,2.051427377361461,1.8991122913030622,3.6096419277093723,2.0442440245540325,2.394859111579096,2.299675548019653,1.7323582483302118,1.8021887966161385,2.4436756203549717,1.750168438725996,1.6299607306194033,1.6752031489113794,1.6065345392146049,1.790760529180684,1.5247409015943907,1.5307557089649015
 TLL01,1.4784461744525061,1.7620328950061956,1.5890444456456885,1.3105917317518583,1.101668926702048,0.0,1.6092089659482685,1.690876008161909,2.2903364746617165,1.8793328557830618,1.6844402818670083,1.660486420450367,1.6684240229282823,1.6910358578311604,2.1850338627440484,4.194022156171065,7.214833442924451,8.81439799883853,8.281092285127842,1.9783392284828878,1.616314897655816,1.695215072125946,1.6744566608450118,1.5387103436755254,1.864673861750043,2.02597391707927,1.9726830447354966,2.656480697113144,2.5118865155707226,2.1619606761815273,1.8678292358102175,1.873937537490251,4.074033667658612,2.156997952718966,3.107294517483884,2.4993808442124585,1.9132607748072243,1.7380980345645476,2.674183809308207,1.7749744207755032,1.580845751526368,1.6459365136444981,1.5944423696450836,1.779451592907855,1.550027502543769,1.5318158357900797
 TBAL4,1.5711004125872399,1.9074636709232586,1.8813347468600916,1.5015050065251636,1.4812690211324469,1.6092089659482685,0.0,1.115005635900248,2.574302641587129,1.4544957065618869,1.1609315635325674,1.2654705145723046,1.3777532876421004,1.4529294562997868,2.0469047118685717,3.9584712947443297,5.736103780610827,6.643459967742983,6.876273136106144,1.9738065580590538,1.5250813490511355,1.709500203363537,1.6946121089689008,1.3425589521650771,2.0005642479069015,2.2946050811821443,2.1050505264701815,2.232809991811718,2.4634482301504814,2.299984446085463,2.0937073880298342,1.9323221628178255,2.429908886456556,1.741626770244732,2.4943985418348906,1.9271991410136409,1.585539843698999,1.8603310411007432,2.158350926518153,1.7415358954841484,1.5423004056192946,1.819012200215624,1.524041934490065,1.9450915066723165,1.611398014526255,1.6001987461948277
 TBAL3,1.7265825337024654,2.144284777457617,1.9990697396459318,1.5449700006671616,1.6090751079460193,1.690876008161909,1.115005635900248,0.0,2.493279966507186,1.319478143853698,1.1467355202251759,1.2090578361503488,1.4621678460238303,1.5412810626072917,2.2246910214466,6.607639935572076,10.426151742690728,13.498749316041117,17.71786532805436,2.1985143396832116,1.5902378049984789,1.8764442989987211,1.8342902352651966,1.419357773643162,2.191359645320309,2.418037237266041,2.2095696784546357,2.157500969307111,2.477968124078322,2.51655481018325,2.3225339771739293,2.04061338898578,2.3536874636644187,1.847325364150162,2.9025127485997197,2.218461096233183,1.7962294081645338,1.9493096636215241,2.0363954239602755,1.7211310690744424,1.5666015468395427,1.932205047142639,1.6595065985816944,2.21050327998144,1.827199164631363,1.7546412412118153
 TBAL2,1.818849102286606,2.8758980717025557,2.361959062769664,2.1169675043707654,2.3902909238888452,2.2903364746617165,2.574302641587129,2.493279966507186,0.0,6.073713570144715,2.9321743778869407,2.0001379188061326,1.76681848639943,1.610981668457351,1.7939756642629905,4.0224868627229045,4.462820632157476,4.3031076845864416,3.664649590565613,1.5075133863574903,1.5590589402380453,1.5267739808706668,1.5499331940250882,2.024693356291358,6.202018044309199,7.4670910173887135,3.395032947788888,11.10211137230738,6.421524245693243,2.229120122189781,1.591405191405243,2.1769817688741466,3.107089598953327,4.858321919510933,3.437948305424106,3.1507376589209684,2.6120550373148155,2.5420177002628424,3.316573160012822,2.5758623604326725,2.1056306076937474,3.6922584434070824,2.2079314163158115,2.6499599435880303,2.683837617423265,2.3205261185224093
 TBAL1,2.157032340088353,2.0078058569798403,2.2153767631157915,1.9590486919502004,1.7244449809391897,1.8793328557830618,1.4544957065618869,1.319478143853698,6.073713570144715,0.0,1.3753726867958123,1.3275702936948597,1.337736028337648,1.6419507315754178,2.8140388384778827,18.454432283485986,18.707441450798182,13.370080644561517,14.979368042150206,2.6538832404289634,1.519720969712381,1.7825065067539558,1.6954848113800325,1.283137817623371,2.0446748355806394,2.0930287236960914,2.18417912193773,1.7766295707411581,2.347202040196013,3.1839346402725925,3.229393560612214,2.3662953871468773,1.6398466613366351,1.7431339382121416,3.8555672322910155,3.065034391425477,2.1861706119522095,2.288773898213216,2.1343576103448165,1.959097397108829,1.9394345788542167,1.9719245006724846,2.125003376206464,2.311271926798749,1.957167734067351,1.8379170762183947
 TBPL4,1.7652054413544491,1.8927330364318846,1.915304504517785,1.6390180780645522,1.57783697658845,1.6844402818670083,1.1609315635325674,1.1467355202251759,2.9321743778869407,1.3753726867958123,0.0,1.1003370731695459,1.3211184194872339,1.5042213689434383,2.3681673883510928,7.508233498264818,14.914182707977059,23.531611031258272,22.263180674655935,2.2333080871102355,1.5286100993301852,1.7317160994771585,1.6673871787256185,1.3734541954333164,2.170452705226292,2.5269581767064007,2.4617143373383836,2.299623215318494,2.7473526343294683,2.5196609969012864,2.3182042061092396,2.0384192918589035,2.3383354793925735,1.7894943584721659,2.821215046143593,2.084383044005588,1.8657076195568227,2.0618910867444415,2.2632759477431783,1.9337299782701471,1.7308572260712478,2.006242654663136,1.745254658955817,2.0375861373350483,1.7919428010770104,1.845338196435884
 TBPL3,1.6980318434956452,1.8917559285793921,1.9145796588743773,1.6957870633830179,1.5370248847641796,1.660486420450367,1.2654705145723046,1.2090578361503488,2.0001379188061326,1.3275702936948597,1.1003370731695459,0.0,1.1467166626941958,1.3590706207122363,1.9500740868171071,5.00567858683234,9.172873348623018,10.902451313706047,8.047347932093633,1.7735206958272696,1.2943350428215028,1.397880206553473,1.3580437625808122,1.2379933916967305,2.1875609592120253,2.566927896173763,2.268193592075736,2.488068040475368,2.545537986277148,2.148165135938731,1.9587014552891227,1.8725325725121607,2.833270268665521,1.7831999026990906,2.2705925370851885,2.120123902764879,1.782821047453156,1.9523424479496376,2.1043482910454383,1.8265638903945236,1.7307498493680078,1.9368832219145837,1.648058291503918,1.8723235408703904,1.7361157812952315,1.7611302966255011
 TBPL2,1.6665704214013484,1.663658239861289,1.6979411636252864,1.7631102225382698,1.543628976931835,1.6684240229282823,1.3777532876421004,1.4621678460238303,1.76681848639943,1.337736028337648,1.3211184194872339,1.1467166626941958,0.0,1.1702097316123072,1.8927807465760695,5.07615267763516,18.782635125112513,25.219405813222444,9.217592331118441,1.5865032676001214,1.1288264693711896,1.1593553591709431,1.1436622556350475,1.1411635639644526,2.241619713088124,2.579766830584508,2.2481628558690536,3.112507911809781,2.534086121858701,2.0131214590546844,1.7667690628248836,1.7913871304518436,3.451616161654363,1.8823139514097633,2.4762951342924167,2.2275974792116493,1.674956042911048,2.0791136009389226,2.091278017359206,1.8269065425152562,1.6589861467315374,1.8093831248339751,1.560020490583804,1.6616617413746255,1.5532838123943984,1.5783151271149145
 TBPL1,1.7536478937681905,1.6097474745085127,1.692427683819541,1.7980182817248054,1.596696119749882,1.6910358578311604,1.4529294562997868,1.5412810626072917,1.610981668457351,1.6419507315754178,1.5042213689434383,1.3590706207122363,1.1702097316123072,0.0,1.4685897691110235,2.9674410976566756,3.9796979626970836,4.564000519726042,3.9933762964945605,1.3751023208720148,1.2613746473577376,1.3645377643653989,1.4147113847509352,1.115669504111531,2.2638277934682174,2.6532863092960937,2.198027082577412,3.0107972638864187,2.3401305765420966,1.7669647685119094,1.5271218733451468,1.5280686611825276,3.6003532836698433,1.6258657618998607,2.4832943536565244,2.027312027024839,1.5427611582785206,1.877387475675511,1.9190518765521567,1.6238964138163823,1.4368246398071751,1.772748507863398,1.3937461717137027,1.5456690877578547,1.4172986604805902,1.4468146834415698
 TL10,2.4611555052507894,1.9960208684615115,2.110044282837443,2.281326672577821,1.9481411311660908,2.1850338627440484,2.0469047118685717,2.2246910214466,1.7939756642629905,2.8140388384778827,2.3681673883510928,1.9500740868171071,1.8927807465760695,1.4685897691110235,0.0,1.24925728620906,1.3479337574105872,1.4041685895848626,1.4141565848924345,1.141979941096198,1.8566061826945321,2.0151049094756384,2.0623372587649627,1.3695657591201191,1.7066257436543266,1.9565148482306454,1.7282822518764198,2.5730678398694327,1.9746958167067945,1.4772885665695865,1.4415113256004002,1.4143906343005497,3.4492376635347903,1.497607195449358,1.748628949676415,1.6900915489999948,1.480452222702171,1.7212582502885188,2.156092365154363,1.4930304242321817,1.5353813169289556,1.862741951938989,1.4236970672723939,1.6561694113639696,1.6566116134568247,1.7510244123398777
 TL09,7.186371978511066,4.149143232427239,6.576466681062164,6.3192460486733495,3.352531956192897,4.194022156171065,3.9584712947443297,6.607639935572076,4.0224868627229045,18.454432283485986,7.508233498264818,5.00567858683234,5.07615267763516,2.9674410976566756,1.24925728620906,0.0,1.0762728537300426,1.1002899145628673,1.132934917784268,1.3908696094470092,5.24321316882186,5.445173471211207,5.992714529361982,2.5030201576750626,2.109273978283475,2.5018948003020376,2.206809112605271,2.990931787146156,2.385244078122172,1.8271041663124261,2.1024951436837784,2.1414337976061115,4.189240954639434,2.059820247018252,2.1218399623440716,2.081156492890411,1.9749290509694823,2.157311899928775,3.714642862670905,2.1228703878932924,2.3822779299824424,2.4937607845853145,1.9135398538515618,2.3110944012611596,2.4437870616164648,2.8655993415579295
 TL08,12.938006370766889,5.68200823812669,13.964692439644582,11.636884161449068,4.818777341091663,7.214833442924451,5.736103780610827,10.426151742690728,4.462820632157476,18.707441450798182,14.914182707977059,9.172873348623018,18.782635125112513,3.9796979626970836,1.3479337574105872,1.0762728537300426,0.0,1.0215724363716465,1.1214548917688323,1.521012228074976,800.4537915325512,40.93540223977481,76.00798268978072,3.4852745226731274,2.7310006697543154,3.236163827087227,2.659941627139456,3.4637904446510976,2.957366052432941,2.1766231878429023,2.5072350637409184,2.441401959876198,5.581631605400308,2.3500717957901136,2.3244957912534776,2.481983494463559,2.453444006067248,2.6201236786043802,5.316721292014123,2.7782922128114573,3.1293673403103948,3.2708119187174316,2.459164807590311,3.0115235993712215,3.451255791555938,4.384579312337739
 TL07,29.172484255096425,8.50966784181617,35.8223829031103,22.21569054811808,5.507654418710948,8.81439799883853,6.643459967742983,13.498749316041117,4.3031076845864416,13.370080644561517,23.531611031258272,10.902451313706047,25.219405813222444,4.564000519726042,1.4041685895848626,1.1002899145628673,1.0215724363716465,0.0,1.0587329162904753,1.4911871765978089,2521.3242681541033,277.6256869375194,170.0628688412679,3.969085706978927,3.027456975997442,3.527754369113831,2.7441072041043606,3.787461137706539,3.1179487217442037,2.2426138115949965,2.559032004190919,2.5488195683844146,6.970238899455964,2.498451894448052,2.341859089255135,2.521909210768029,2.541987772998406,2.7568070833502847,7.0235124046031885,3.1619567753542643,3.336726759939601,3.6578076663863173,2.6268990729055637,3.2739938366927785,3.7724871451154174,4.569103157914031
 TL06,27.084315707289953,7.545982916191182,20.70274413155846,33.20716081438114,5.261524329257431,8.281092285127842,6.876273136106144,17.71786532805436,3.664649590565613,14.979368042150206,22.263180674655935,8.047347932093633,9.217592331118441,3.9933762964945605,1.4141565848924345,1.132934917784268,1.1214548917688323,1.0587329162904753,0.0,1.4362378161270826,11.265661137725264,7.672722198294314,8.29833601846515,3.4962077491880925,2.995107933980064,3.482797809652003,2.579175586692895,3.9445999286060993,3.021227049875935,2.0817625483267683,2.2431180816478835,2.3370315766397094,8.206011406625027,2.434103638505831,2.1638791532384154,2.3677319599142344,2.3517596149673814,2.6311053582519643,8.952452696156913,3.0343974984612503,3.223257641435202,3.7304534118354344,2.572382201537018,2.924212526368181,3.221244849083891,3.6584904523060824
 TL05,2.3721143007364085,2.135043852607321,2.2688668823212486,2.3600653217171352,1.8831524277132945,1.9783392284828878,1.9738065580590538,2.1985143396832116,1.5075133863574903,2.6538832404289634,2.2333080871102355,1.7735206958272696,1.5865032676001214,1.3751023208720148,1.141979941096198,1.3908696094470092,1.521012228074976,1.4911871765978089,1.4362378161270826,0.0,1.4582430351726807,1.507929096132498,1.5312287418466002,1.3779127140362721,2.266661977498813,2.6287016093905797,2.015436550853862,3.399807969082444,2.2380274124357964,1.5210275826737583,1.4325097174579342,1.5317920060432542,5.597827941032336,1.749895541382005,2.013203167040516,1.7660800003667232,1.5299703267994929,1.9160388585823258,2.470865156089165,1.8285745630756596,1.5886674427135234,1.8535306744355826,1.4544884767930408,1.6226423413355842,1.6811698971714075,1.7141671366099522
 TL04,1.716948418337914,1.8752059697544372,1.6536921145508767,1.7608003623933675,1.63129139654137,1.616314897655816,1.5250813490511355,1.5902378049984789,1.5590589402380453,1.519720969712381,1.5286100993301852,1.2943350428215028,1.1288264693711896,1.2613746473577376,1.8566061826945321,5.24321316882186,800.4537915325512,2521.3242681541033,11.265661137725264,1.4582430351726807,0.0,1.0367407504813022,1.0640167986394353,1.2377274898496198,2.620725453975191,3.0518421634266732,2.4777716983864746,4.451149492582253,2.9454084781961627,2.023480907416991,1.6837495480740623,1.855727736506177,5.703381453830503,2.150713525341759,2.845522155273565,2.235222639251865,1.770931854277205,2.232606025442972,2.1919385784076186,1.9591462066660517,1.5671210344998379,1.8453704123750636,1.5216902782084956,1.7033951175772486,1.6305267032215451,1.6006238040721568
 TL03,1.8466290536583065,2.0634625932164443,1.7894601588745982,1.9587348942345437,1.7450211110399743,1.695215072125946,1.709500203363537,1.8764442989987211,1.5267739808706668,1.7825065067539558,1.7317160994771585,1.397880206553473,1.1593553591709431,1.3645377643653989,2.0151049094756384,5.445173471211207,40.93540223977481,277.6256869375194,7.672722198294314,1.507929096132498,1.0367407504813022,0.0,1.0217749663699651,1.3494698302569896,3.0017884026807518,3.537394394383509,2.7118035228909645,6.45346709425136,3.339975518850369,2.087231154527544,1.7093868099641414,1.9817594862755847,10.692714605572084,2.5067093332860346,2.9371768063861783,2.3556711500055982,1.8444761848010327,2.4092281213418936,2.5238546264792188,2.1217864575497662,1.7136473167014152,2.0353537826968218,1.6314989017034585,1.8053993414937641,1.7444875822890393,1.7011226248328535
 TL02,1.7822591896609732,1.9536031202234128,1.760120157999081,1.9421965442036024,1.7227017704701084,1.6744566608450118,1.6946121089689008,1.8342902352651966,1.5499331940250882,1.6954848113800325,1.6673871787256185,1.3580437625808122,1.1436622556350475,1.4147113847509352,2.0623372587649627,5.992714529361982,76.00798268978072,170.0628688412679,8.29833601846515,1.5312287418466002,1.0640167986394353,1.0217749663699651,0.0,1.3484672328947604,2.8391646397365995,3.2913014448080657,2.6783980873675093,5.6557042325814395,3.393658314657128,2.171178091429809,1.7639490980095227,1.9710516946110979,7.629545047876539,2.4050462144464313,3.054928045471666,2.514844196854541,1.920020925354738,2.416285685841332,2.6469363941690975,2.1549364789838075,1.7677379628821055,2.082896677000896,1.728231503922781,1.9060095463961477,1.8336155604543969,1.7671977491416575
 TL01,1.683021123018718,1.4745790406972166,1.644932057232233,1.6793509173192216,1.3980000078734613,1.5387103436755254,1.3425589521650771,1.419357773643162,2.024693356291358,1.283137817623371,1.3734541954333164,1.2379933916967305,1.1411635639644526,1.115669504111531,1.3695657591201191,2.5030201576750626,3.4852745226731274,3.969085706978927,3.4962077491880925,1.3779127140362721,1.2377274898496198,1.3494698302569896,1.3484672328947604,0.0,1.7275281241793015,1.9852641025781872,1.8427244124624775,2.0540188452169366,2.0075850504314747,1.7282160074352009,1.6086598174170845,1.4734614525092011,2.1326499279324413,1.3992794940532505,2.234921161043998,1.8654790374366457,1.4312022848835948,1.6293846565132,1.8441363908812594,1.491234198998649,1.4021816817537056,1.6270872700292625,1.407078361808744,1.556772064564489,1.4035796617708591,1.4399756108265693
 TR01,2.6116062281966164,2.219804622762887,2.2421089503424003,2.2132399144087835,1.7997700671759738,1.864673861750043,2.0005642479069015,2.191359645320309,6.202018044309199,2.0446748355806394,2.170452705226292,2.1875609592120253,2.241619713088124,2.2638277934682174,1.7066257436543266,2.109273978283475,2.7310006697543154,3.027456975997442,2.995107933980064,2.266661977498813,2.620725453975191,3.0017884026807518,2.8391646397365995,1.7275281241793015,0.0,1.0442248191816421,1.1794211457917645,1.4072178329001888,1.6395328973299597,1.851028756943493,1.9413942070597803,1.6721104028359812,1.7760542626688935,1.3804942698690073,2.1673203248772785,2.234142449896358,1.8296240766092366,1.9265380364890972,2.590729747916187,1.57680429213788,1.8266102447409471,1.9235529991777995,1.8664960891123163,2.308888993078717,1.9613898549742617,1.812291846724622
 TR02,3.1679854969441474,2.6880080561901463,2.4866807979447554,2.405570036009215,2.0224710140671425,2.02597391707927,2.2946050811821443,2.418037237266041,7.4670910173887135,2.0930287236960914,2.5269581767064007,2.566927896173763,2.579766830584508,2.6532863092960937,1.9565148482306454,2.5018948003020376,3.236163827087227,3.527754369113831,3.482797809652003,2.6287016093905797,3.0518421634266732,3.537394394383509,3.2913014448080657,1.9852641025781872,1.0442248191816421,0.0,1.0825031858606704,1.2988109961261103,1.5495744122959167,1.8505057954400899,1.9019744477443399,1.6866455207391846,1.8099685926725297,1.4086288639277125,2.223298682057754,2.455632726753232,2.1179142732626133,2.0994347451623647,3.17854382253044,1.7166298477880786,2.0135980148193187,2.1391005964237553,2.0752734824005667,2.4751610067306222,2.0806591475740137,1.8333083477820418
 TR03,3.156314415943035,3.15075743100899,2.6144371536931166,2.3774546681150004,1.9602985112492548,1.9726830447354966,2.1050505264701815,2.2095696784546357,3.395032947788888,2.18417912193773,2.4617143373383836,2.268193592075736,2.2481628558690536,2.198027082577412,1.7282822518764198,2.206809112605271,2.659941627139456,2.7441072041043606,2.579175586692895,2.015436550853862,2.4777716983864746,2.7118035228909645,2.6783980873675093,1.8427244124624775,1.1794211457917645,1.0825031858606704,0.0,1.2237980485285598,1.352676051455735,1.4774943258928483,1.5219875007422634,1.5477146545283207,2.2531175031438027,1.4391114880228764,1.939060113374696,1.9968175270845083,1.8916593909691277,1.8335320439987473,3.22284380290489,1.669522659425426,1.8022817310038264,2.0774926669875167,1.7676509522252273,2.0484130504286586,1.8142655412613622,1.666930425053606
 TR04,8.766331640817711,4.015390949500278,5.002708068404944,4.110973163551132,2.453265553073513,2.656480697113144,2.232809991811718,2.157500969307111,11.10211137230738,1.7766295707411581,2.299623215318494,2.488068040475368,3.112507911809781,3.0107972638864187,2.5730678398694327,2.990931787146156,3.4637904446510976,3.787461137706539,3.9445999286060993,3.399807969082444,4.451149492582253,6.45346709425136,5.6557042325814395,2.0540188452169366,1.4072178329001888,1.2988109961261103,1.2237980485285598,0.0,1.2942861250249642,1.6770747474092116,2.243278194951958,1.9249928742575901,1.4174114029978926,1.4515889406513176,2.466208692508749,2.352212246688751,2.290635430512164,2.1602096166828346,3.8334415460936717,2.067514358768287,2.3860401698610247,2.4143509949869015,2.44119272088144,2.617398864451034,2.2095984511592235,2.1433506639278663
 TR05,6.2707881470376865,3.5454332607518557,4.009372447836317,4.419103945339162,2.630805516794788,2.5118865155707226,2.4634482301504814,2.477968124078322,6.421524245693243,2.347202040196013,2.7473526343294683,2.545537986277148,2.534086121858701,2.3401305765420966,1.9746958167067945,2.385244078122172,2.957366052432941,3.1179487217442037,3.021227049875935,2.2380274124357964,2.9454084781961627,3.339975518850369,3.393658314657128,2.0075850504314747,1.6395328973299597,1.5495744122959167,1.352676051455735,1.2942861250249642,0.0,1.2128387254341588,1.6326145219688766,1.7850559484054014,1.8427807484332381,1.5339059569527376,2.636382407701865,2.3744057891639434,2.2083745379968245,2.3668490931534465,2.8864249603403715,2.0265108696335536,2.2417823259058385,2.1879509631672813,1.9268709707614655,2.1641935250785695,2.0912315689709624,2.081433428203736
 TR06,3.661541162508987,2.9008322244944194,2.9350314151586674,3.0361224841135654,2.365670832449814,2.1619606761815273,2.299984446085463,2.51655481018325,2.229120122189781,3.1839346402725925,2.5196609969012864,2.148165135938731,2.0131214590546844,1.7669647685119094,1.4772885665695865,1.8271041663124261,2.1766231878429023,2.2426138115949965,2.0817625483267683,1.5210275826737583,2.023480907416991,2.087231154527544,2.171178091429809,1.7282160074352009,1.851028756943493,1.8505057954400899,1.4774943258928483,1.6770747474092116,1.2128387254341588,0.0,1.1323603289267004,1.309669599906038,3.2224131492339123,1.5634862632534523,2.146312444935644,1.8633027115754999,1.7214175791835287,1.7760729012059364,2.9137914645055623,1.7929951859575144,1.7396627191656902,2.000687776978941,1.6065786385402945,1.813914802977549,1.8319794541396708,1.7360892242501316
 TR07,2.418927506613451,2.382975191961966,2.265596824555344,2.180783010296496,2.051427377361461,1.8678292358102175,2.0937073880298342,2.3225339771739293,1.591405191405243,3.229393560612214,2.3182042061092396,1.9587014552891227,1.7667690628248836,1.5271218733451468,1.4415113256004002,2.1024951436837784,2.5072350637409184,2.559032004190919,2.2431180816478835,1.4325097174579342,1.6837495480740623,1.7093868099641414,1.7639490980095227,1.6086598174170845,1.9413942070597803,1.9019744477443399,1.5219875007422634,2.243278194951958,1.6326145219688766,1.1323603289267004,0.0,1.0980338129832499,4.451796916007375,1.466948040508772,2.1286773029822323,2.0466862436208753,1.6439907290249094,1.72278346121842,3.5208242402782006,1.7185021161695018,1.6464955449676058,2.008259192309087,1.6117485161060574,1.70686791282631,1.6693276828126693,1.4761676547925373
 TR08,2.706298268510068,2.1592792283882205,2.2858936609167597,2.1755866687147196,1.8991122913030622,1.873937537490251,1.9323221628178255,2.04061338898578,2.1769817688741466,2.3662953871468773,2.0384192918589035,1.8725325725121607,1.7913871304518436,1.5280686611825276,1.4143906343005497,2.1414337976061115,2.441401959876198,2.5488195683844146,2.3370315766397094,1.5317920060432542,1.855727736506177,1.9817594862755847,1.9710516946110979,1.4734614525092011,1.6721104028359812,1.6866455207391846,1.5477146545283207,1.9249928742575901,1.7850559484054014,1.309669599906038,1.0980338129832499,0.0,2.1667721809595704,1.2018166611710883,2.0987512878134944,2.052476447219108,1.5318686642438417,1.7701246638570318,3.698589781695098,1.6140288505317462,1.7139419638419213,1.8531731559147073,1.635826083096704,1.7116611474863566,1.6196180605894044,1.4545710395853886
 TR09,20.01328793248933,3.4882044804982737,7.405321415532249,8.286999663692425,3.6096419277093723,4.074033667658612,2.429908886456556,2.3536874636644187,3.107089598953327,1.6398466613366351,2.3383354793925735,2.833270268665521,3.451616161654363,3.6003532836698433,3.4492376635347903,4.189240954639434,5.581631605400308,6.970238899455964,8.206011406625027,5.597827941032336,5.703381453830503,10.692714605572084,7.629545047876539,2.1326499279324413,1.7760542626688935,1.8099685926725297,2.2531175031438027,1.4174114029978926,1.8427807484332381,3.2224131492339123,4.451796916007375,2.1667721809595704,0.0,1.3031161396505677,5.902082283973492,4.515291619321979,2.9259683450616003,3.9728916275109127,3.9060355055966505,2.6177066414749093,3.44285746754711,2.415780184903647,3.188782750812655,3.460380551653829,2.8247868428431495,2.9027936090912814
 TR10,3.373279922705108,2.165779384921971,2.703809920964433,2.700564161528665,2.0442440245540325,2.156997952718966,1.741626770244732,1.847325364150162,4.858321919510933,1.7431339382121416,1.7894943584721659,1.7831999026990906,1.8823139514097633,1.6258657618998607,1.497607195449358,2.059820247018252,2.3500717957901136,2.498451894448052,2.434103638505831,1.749895541382005,2.150713525341759,2.5067093332860346,2.4050462144464313,1.3992794940532505,1.3804942698690073,1.4086288639277125,1.4391114880228764,1.4515889406513176,1.5339059569527376,1.5634862632534523,1.466948040508772,1.2018166611710883,1.3031161396505677,0.0,2.417102934757367,2.0876916583852303,1.6619751024230323,2.0075143514217766,2.762219425336923,1.5874758205683577,1.7090196076567765,1.698442036197802,1.7404923924502935,2.020730627272449,1.7721626897183205,1.6503996675343033
 TBPR1,5.774273646017965,4.345680044597217,3.1242309703359235,3.187693174586331,2.394859111579096,3.107294517483884,2.4943985418348906,2.9025127485997197,3.437948305424106,3.8555672322910155,2.821215046143593,2.2705925370851885,2.4762951342924167,2.4832943536565244,1.748628949676415,2.1218399623440716,2.3244957912534776,2.341859089255135,2.1638791532384154,2.013203167040516,2.845522155273565,2.9371768063861783,3.054928045471666,2.234921161043998,2.1673203248772785,2.223298682057754,1.939060113374696,2.466208692508749,2.636382407701865,2.146312444935644,2.1286773029822323,2.0987512878134944,5.902082283973492,2.417102934757367,0.0,2.1455200258247227,2.2611950779867462,3.0187569502874707,6.193420882848426,2.708945186136315,2.865204249357266,3.3621590543740805,2.4037854023940897,2.117657759166798,1.9231763573582765,2.1165742065720057
 TBPR2,4.898735522079834,3.6902586400512973,3.2861558950767797,3.384034961820478,2.299675548019653,2.4993808442124585,1.9271991410136409,2.218461096233183,3.1507376589209684,3.065034391425477,2.084383044005588,2.120123902764879,2.2275974792116493,2.027312027024839,1.6900915489999948,2.081156492890411,2.481983494463559,2.521909210768029,2.3677319599142344,1.7660800003667232,2.235222639251865,2.3556711500055982,2.514844196854541,1.8654790374366457,2.234142449896358,2.455632726753232,1.9968175270845083,2.352212246688751,2.3744057891639434,1.8633027115754999,2.0466862436208753,2.052476447219108,4.515291619321979,2.0876916583852303,2.1455200258247227,0.0,1.279326284463182,2.1303950786548107,2.6109068757475553,2.1115491639659654,1.9278060272910305,1.9842880027210277,1.6346025897724488,2.201306214183052,2.1434386914575265,2.0845722165128415
 TBPR3,2.761016413355613,2.3338940619405197,2.510020621447395,2.300077989503614,1.7323582483302118,1.9132607748072243,1.585539843698999,1.7962294081645338,2.6120550373148155,2.1861706119522095,1.8657076195568227,1.782821047453156,1.674956042911048,1.5427611582785206,1.480452222702171,1.9749290509694823,2.453444006067248,2.541987772998406,2.3517596149673814,1.5299703267994929,1.770931854277205,1.8444761848010327,1.920020925354738,1.4312022848835948,1.8296240766092366,2.1179142732626133,1.8916593909691277,2.290635430512164,2.2083745379968245,1.7214175791835287,1.6439907290249094,1.5318686642438417,2.9259683450616003,1.6619751024230323,2.2611950779867462,1.279326284463182,0.0,1.6110934526630345,2.085746314740477,1.505586614756265,1.7670178386673336,1.8052336925203742,1.4370255743063918,1.5712746803558768,1.544064869315725,1.5598247077598502
 TBPR4,2.1211832218949334,2.446957698386891,2.1981162689426705,1.8096332211596633,1.8021887966161385,1.7380980345645476,1.8603310411007432,1.9493096636215241,2.5420177002628424,2.288773898213216,2.0618910867444415,1.9523424479496376,2.0791136009389226,1.877387475675511,1.7212582502885188,2.157311899928775,2.6201236786043802,2.7568070833502847,2.6311053582519643,1.9160388585823258,2.232606025442972,2.4092281213418936,2.416285685841332,1.6293846565132,1.9265380364890972,2.0994347451623647,1.8335320439987473,2.1602096166828346,2.3668490931534465,1.7760729012059364,1.72278346121842,1.7701246638570318,3.9728916275109127,2.0075143514217766,3.0187569502874707,2.1303950786548107,1.6110934526630345,0.0,2.6867096041959257,1.3849857273296975,1.6789359007488343,1.937298828538355,1.6673891551518198,1.7531927194564236,1.6461920541729627,1.582057351230714
 TBAR3,2.6316225525840333,2.490551012685855,2.582307057009655,2.469296871681109,2.4436756203549717,2.674183809308207,2.158350926518153,2.0363954239602755,3.316573160012822,2.1343576103448165,2.2632759477431783,2.1043482910454383,2.091278017359206,1.9190518765521567,2.156092365154363,3.714642862670905,5.316721292014123,7.0235124046031885,8.952452696156913,2.470865156089165,2.1919385784076186,2.5238546264792188,2.6469363941690975,1.8441363908812594,2.590729747916187,3.17854382253044,3.22284380290489,3.8334415460936717,2.8864249603403715,2.9137914645055623,3.5208242402782006,3.698589781695098,3.9060355055966505,2.762219425336923,6.193420882848426,2.6109068757475553,2.085746314740477,2.6867096041959257,0.0,1.5869050971786762,2.1215976718338094,2.196338841257743,1.8528082519531244,2.5522214695095053,2.3550170039767724,2.516331564620783
 TBAR4,1.8917507212544948,1.8411443257090447,1.7458228764979429,1.647716431296513,1.750168438725996,1.7749744207755032,1.7415358954841484,1.7211310690744424,2.5758623604326725,1.959097397108829,1.9337299782701471,1.8265638903945236,1.8269065425152562,1.6238964138163823,1.4930304242321817,2.1228703878932924,2.7782922128114573,3.1619567753542643,3.0343974984612503,1.8285745630756596,1.9591462066660517,2.1217864575497662,2.1549364789838075,1.491234198998649,1.57680429213788,1.7166298477880786,1.669522659425426,2.067514358768287,2.0265108696335536,1.7929951859575144,1.7185021161695018,1.6140288505317462,2.6177066414749093,1.5874758205683577,2.708945186136315,2.1115491639659654,1.505586614756265,1.3849857273296975,1.5869050971786762,0.0,1.5620468204396252,1.852790680732098,1.5419910775443957,1.6789260781539919,1.5225142576750266,1.5090436969532501
 TLR01,1.654160334996954,1.905218351734661,1.7386090604493019,1.610957770958706,1.6299607306194033,1.580845751526368,1.5423004056192946,1.5666015468395427,2.1056306076937474,1.9394345788542167,1.7308572260712478,1.7307498493680078,1.6589861467315374,1.4368246398071751,1.5353813169289556,2.3822779299824424,3.1293673403103948,3.336726759939601,3.223257641435202,1.5886674427135234,1.5671210344998379,1.7136473167014152,1.7677379628821055,1.4021816817537056,1.8266102447409471,2.0135980148193187,1.8022817310038264,2.3860401698610247,2.2417823259058385,1.7396627191656902,1.6464955449676058,1.7139419638419213,3.44285746754711,1.7090196076567765,2.865204249357266,1.9278060272910305,1.7670178386673336,1.6789359007488343,2.1215976718338094,1.5620468204396252,0.0,1.4472966972586014,1.4344788354144986,2.3127110533948874,1.7849750525876487,1.624550277716221
 TLR02,2.452523427912866,2.3195417723912546,2.094429012975849,1.9459514239005598,1.6752031489113794,1.6459365136444981,1.819012200215624,1.932205047142639,3.6922584434070824,1.9719245006724846,2.006242654663136,1.9368832219145837,1.8093831248339751,1.772748507863398,1.862741951938989,2.4937607845853145,3.2708119187174316,3.6578076663863173,3.7304534118354344,1.8535306744355826,1.8453704123750636,2.0353537826968218,2.082896677000896,1.6270872700292625,1.9235529991777995,2.1391005964237553,2.0774926669875167,2.4143509949869015,2.1879509631672813,2.000687776978941,2.008259192309087,1.8531731559147073,2.415780184903647,1.698442036197802,3.3621590543740805,1.9842880027210277,1.8052336925203742,1.937298828538355,2.196338841257743,1.852790680732098,1.4472966972586014,0.0,1.3807811495198559,1.8673400053179172,1.9150330633235126,1.7795337026490734
 TLR03,2.0946460066775527,2.421342776180492,2.0157864280930573,1.8345113015337697,1.6065345392146049,1.5944423696450836,1.524041934490065,1.6595065985816944,2.2079314163158115,2.125003376206464,1.745254658955817,1.648058291503918,1.560020490583804,1.3937461717137027,1.4236970672723939,1.9135398538515618,2.459164807590311,2.6268990729055637,2.572382201537018,1.4544884767930408,1.5216902782084956,1.6314989017034585,1.728231503922781,1.407078361808744,1.8664960891123163,2.0752734824005667,1.7676509522252273,2.44119272088144,1.9268709707614655,1.6065786385402945,1.6117485161060574,1.635826083096704,3.188782750812655,1.7404923924502935,2.4037854023940897,1.6346025897724488,1.4370255743063918,1.6673891551518198,1.8528082519531244,1.5419910775443957,1.4344788354144986,1.3807811495198559,0.0,1.3247104692441583,1.3623324878506808,1.5819859779114473
 TLR04,3.294626939684917,2.728632378259823,2.261678733741915,2.232142475781309,1.790760529180684,1.779451592907855,1.9450915066723165,2.21050327998144,2.6499599435880303,2.311271926798749,2.0375861373350483,1.8723235408703904,1.6616617413746255,1.5456690877578547,1.6561694113639696,2.3110944012611596,3.0115235993712215,3.2739938366927785,2.924212526368181,1.6226423413355842,1.7033951175772486,1.8053993414937641,1.9060095463961477,1.556772064564489,2.308888993078717,2.4751610067306222,2.0484130504286586,2.617398864451034,2.1641935250785695,1.813914802977549,1.70686791282631,1.7116611474863566,3.460380551653829,2.020730627272449,2.117657759166798,2.201306214183052,1.5712746803558768,1.7531927194564236,2.5522214695095053,1.6789260781539919,2.3127110533948874,1.8673400053179172,1.3247104692441583,0.0,1.102094614745545,1.4504070026171587
 TLR05,2.3196694082028433,2.21424535540824,1.935889053145399,1.7829825342220287,1.5247409015943907,1.550027502543769,1.611398014526255,1.827199164631363,2.683837617423265,1.957167734067351,1.7919428010770104,1.7361157812952315,1.5532838123943984,1.4172986604805902,1.6566116134568247,2.4437870616164648,3.451255791555938,3.7724871451154174,3.221244849083891,1.6811698971714075,1.6305267032215451,1.7444875822890393,1.8336155604543969,1.4035796617708591,1.9613898549742617,2.0806591475740137,1.8142655412613622,2.2095984511592235,2.0912315689709624,1.8319794541396708,1.6693276828126693,1.6196180605894044,2.8247868428431495,1.7721626897183205,1.9231763573582765,2.1434386914575265,1.544064869315725,1.6461920541729627,2.3550170039767724,1.5225142576750266,1.7849750525876487,1.9150330633235126,1.3623324878506808,1.102094614745545,0.0,1.186043025588923
 TLR06,1.9534171826812095,1.9200108024491453,1.7241512472414189,1.6355077615702545,1.5307557089649015,1.5318158357900797,1.6001987461948277,1.7546412412118153,2.3205261185224093,1.8379170762183947,1.845338196435884,1.7611302966255011,1.5783151271149145,1.4468146834415698,1.7510244123398777,2.8655993415579295,4.384579312337739,4.569103157914031,3.6584904523060824,1.7141671366099522,1.6006238040721568,1.7011226248328535,1.7671977491416575,1.4399756108265693,1.812291846724622,1.8333083477820418,1.666930425053606,2.1433506639278663,2.081433428203736,1.7360892242501316,1.4761676547925373,1.4545710395853886,2.9027936090912814,1.6503996675343033,2.1165742065720057,2.0845722165128415,1.5598247077598502,1.582057351230714,2.516331564620783,1.5090436969532501,1.624550277716221,1.7795337026490734,1.5819859779114473,1.4504070026171587,1.186043025588923,0.0
