, TLL06, TLL05, TLL04, TLL03, TLL02, TLL01, TBAL4, TBAL3, TBAL2, TBAL1, TBPL4, TBPL3, TBPL2, TBPL1, TL10, TL09, TL08, TL07, TL06, TL05, TL04, TL03, TL02, TL01, TR01, TR02, TR03, TR04, TR05, TR06, TR07, TR08, TR09, TR10, TBPR1, TBPR2, TBPR3, TBPR4, TBAR3, TBAR4, TLR01, TLR02, TLR03, TLR04, TLR05, TLR06
 TLL06,0.0,1.2916200387302013,3.2474670404779795,2.4534329952799316,1.6052737752255843,1.8665821098074813,1.7127169144040302,3.150592507742135,2.1425834064035594,2.2403390045836766,2.950289670756134,2.920827594135318,2.3194335215842976,1.698897997060331,4.853658402953153,11.64143954737009,4.5106975689733595,3.3835418031384497,5.9740173586113245,6.514465395336309,17.841152157808477,9.084424563010863,9.044572439245963,5.048852504139327,5.942147383815078,6.462374715217827,8.04709656456388,9.165220570937928,3.480990276056418,3.2513360332935877,3.3045069448251705,3.296394450086962,3.2123734279099114,5.080498248674752,2.2286785927339148,4.049882332251002,3.59159558914205,3.3251561530471334,22.494616269848375,13.580573358011057,3.2569250555107296,2.7045704718259977,4.715271498673087,4.405222777260745,8.015046759636265,9.316645603878074
 TLL05,1.2916200387302013,0.0,1.823611578212773,1.7279943128353676,1.364181511182462,1.529041306725736,1.5977523420620785,2.6849316070824587,2.179039549997495,1.8768319161554257,2.3161251669100964,2.4161850866571744,2.2928765184293654,1.5947559209994837,11.041780917762047,16.494502240000944,7.715410665421247,6.807306616959657,13.58173023602855,4.912578502696186,7.6159763916336045,26.056051048755172,6.1196539184692815,3.328274198505882,4.691754809159919,4.725245575228248,4.63872100853525,4.378134765014841,4.198962989428003,4.179582298365926,4.3866361242450695,4.353678003064552,4.29102969501133,10.761296136693923,1.6518171307692762,3.0221694655881994,3.3905595476575194,2.941431638364016,18.42042489663562,8.392463570091056,2.2006027421681122,2.032635506711664,2.641994865514973,4.904072988038885,6.166536085646924,4.224064737427133
 TLL04,3.2474670404779795,1.823611578212773,0.0,1.1100671142410141,1.6560387707536286,1.2073201739822335,1.6867115294377433,1.4153908074108734,1.6034168421990678,2.19693011901699,1.818810391711323,1.7035987271290596,2.084819176244931,2.0246584050409444,10.438588136202826,5.8737698195468875,6.758783229948845,10.225054155483237,14.372714403769605,1.3515814608762813,5.487626050212489,3.210697496527398,2.1412293962451665,1.5875224954116984,4.051315091622759,4.854126903585275,5.208619318211324,4.648802406112631,4.220128761369431,4.098851568883992,3.5913253320193346,3.5443774552670244,2.9359883146445207,6.004045003979952,1.701648889924509,2.702026117706057,3.0662999018921284,3.2194874950575847,9.116923479389648,4.083786992869485,1.3366694348752395,2.349010474250611,1.9157815761874357,5.4945769509486295,142.81050364248955,5.277347967683205
 TLL03,2.4534329952799316,1.7279943128353676,1.1100671142410141,0.0,1.256312759478139,1.1378777139202183,1.5064652618368481,1.1833117720044786,1.4181284910789116,1.6258658467746014,1.3347529244010965,1.2677133653553208,1.592943412514669,1.7580987310868237,10.407440938526822,4.048936759166417,4.7336232978307935,5.582806789267249,104.67648429974261,1.4369801430937221,3.646625348942173,3.5218037048542232,1.85337363255919,1.8347845903925377,2.2360755082869073,2.5628870991466566,2.9386786925906194,2.7685632289128965,3.5489649964454433,3.601196547349678,3.0092693477651595,3.016789108437348,2.3260652162094875,6.447994678882292,1.6874985736086334,2.9092616842185017,2.90226403684803,3.2366283979051014,7.068721473066182,4.378426444926906,1.2634995623100063,1.7390831520562906,1.6831191210262437,37.63288540935957,7.178604734621365,3.8274976305286477
 TLL02,1.6052737752255843,1.364181511182462,1.6560387707536286,1.256312759478139,0.0,1.136152291036419,1.4517531246780975,1.3447931017801271,1.5897388908911632,1.3039294060411408,1.239410895842523,1.2871548662314856,1.5894026772161554,1.4943341128882401,3.2773137382527713,3.1279328883383735,2.855918987413952,2.8526788648667147,4.333056075284534,2.913842069854805,5.747261019178364,24.887802785290493,3.4130889434841345,2.7495107367968754,1.7730742068779066,1.9562050346506905,2.252154585510182,2.249392390253678,3.3176125740775864,3.920950403739655,3.3688221873437247,3.6932824914037656,2.9364528253196935,75.19952743911021,1.8032192454431446,3.527087245666541,3.071465486588289,3.6722144603859945,114.71007500240407,16.703237299920083,1.4850742628992744,1.593827175248215,1.8358373596848525,4.0689425986586505,4.222180970679186,3.8772760066924947
 TLL01,1.8665821098074813,1.529041306725736,1.2073201739822335,1.1378777139202183,1.136152291036419,0.0,1.4400812831906398,1.2647848745001529,1.5066989765927115,1.4778765668278182,1.3297710939116807,1.3595722636830672,1.673630165316935,1.5913658096292067,9.390488783656219,3.91484372455004,3.6295290226128505,3.8809580677110787,8.063217205220225,1.851758536556993,6.860774171587493,6.001704365904801,2.6627733375802896,1.7737501371728275,2.161481946102377,2.4665576865396193,2.8750320813014203,2.833773977349945,4.0032654253158135,4.350159409964265,3.6127395150983435,3.828403544870012,3.0472869750268043,18.16365697219815,1.6825377763771483,3.125912423015508,2.9549921981514533,3.474897229709211,13.66191653003109,9.102536032141678,1.275101139458678,1.8535349361626974,1.7311568523960628,59.30160778474591,10.89413103487186,4.879273130040414
 TBAL4,1.7127169144040302,1.5977523420620785,1.6867115294377433,1.5064652618368481,1.4517531246780975,1.4400812831906398,0.0,1.3657010788887154,1.223072283102182,2.9673254192899576,1.4140264892726397,1.4709052966111775,2.023310638884576,1.5970749199807615,9.568014569726476,28.751742206547878,44.031176896762396,166.35618409566348,4.9304549678092915,1.9424329188079408,2.64595369143283,2.5704001223324293,1.9351458703091073,1.7046305942056066,3.2311203616894977,3.0916334839893254,3.015606177605451,2.9778504286257195,4.51954113929676,4.509786935014861,4.619167291363658,4.7562806992526205,3.9161065736104357,16.374607229938217,1.3182848006502954,1.8954245270153378,1.9705839148878603,2.5144220437275893,6.793046545595903,5.537174566766054,1.714633113367623,1.5328890760197043,1.809826736646814,2.7778872410408075,2.5191903687678865,2.079397628944277
 TBAL3,3.150592507742135,2.6849316070824587,1.4153908074108734,1.1833117720044786,1.3447931017801271,1.2647848745001529,1.3657010788887154,0.0,1.2324811964061548,1.9652856960821472,1.124774219254759,1.0945906151832707,1.6165117666429902,2.1114471189468142,3.6354555626702703,5.206247865960316,6.4043401894389245,7.9478924659835455,13.771830814071388,1.6072607430656811,2.4957708526833486,2.540747597143821,1.6737972436783495,1.6133896363480176,1.8128718861735553,2.0296061620714827,2.391846564827043,2.4730634415191197,2.926541497395134,2.908393818854176,2.5086658333832963,2.5870833267323117,2.0863100069464178,5.778280151182393,1.6318373238624377,2.3913708491219245,2.1210412242360057,3.3661324536844353,3.1644267281999743,7.260042436229541,1.4031621082028007,1.7251720722939838,1.5865132738219867,4.744535695018315,3.0561035005505066,2.62157341661235
 TBAL2,2.1425834064035594,2.179039549997495,1.6034168421990678,1.4181284910789116,1.5897388908911632,1.5066989765927115,1.223072283102182,1.2324811964061548,0.0,3.677081848200377,1.4575155710923795,1.3859193008681052,1.9826859725726027,1.9859509726444176,5.329216672077886,7.545928550622573,10.335232346762806,9.562378458637573,7.831743264576067,1.6599288761837991,3.0087597619705813,3.0433203610603043,1.8509098604110494,2.263860576366255,3.164052018220381,3.2302466203169073,3.431441314767575,3.4772866148322157,2.8720759765661077,2.702406476299028,2.4931466626624568,2.4377565158152197,2.080034380838023,3.7117738550757773,1.627336112486613,2.37242395058184,2.7046385067983834,3.4860013367807143,7.911703295396371,4.6916820904877055,1.8022643108957819,1.8192029358882493,1.908002305181108,2.925741831441012,2.7011390801984763,2.3539179594010737
 TBAL1,2.2403390045836766,1.8768319161554257,2.19693011901699,1.6258658467746014,1.3039294060411408,1.4778765668278182,2.9673254192899576,1.9652856960821472,3.677081848200377,0.0,1.6813004530308122,1.5828339223334136,1.4189038135905656,1.6902470030382546,2.133068043944983,4.1176520749462755,4.11879912993791,3.7728580216290237,4.468518525002251,3.9665698906700295,8.727389414077765,41.671223753289915,4.638593175543243,2.6022499034922,2.4979360715317274,2.9528720653013614,3.835022417776812,3.898141659052479,3.9816150028081547,4.552960855266178,3.921840794894529,3.9498299447021203,3.1227366412316457,9.58536495174889,2.4087941883159654,4.282844626379932,4.4401822024481685,3.504220593959197,9.626643662984499,5.859703503568115,1.6073845571450163,2.1857991260830674,2.0968613369017484,370.95575238069966,52.55620553139186,11.620156470789015
 TBPL4,2.950289670756134,2.3161251669100964,1.818810391711323,1.3347529244010965,1.239410895842523,1.3297710939116807,1.4140264892726397,1.124774219254759,1.4575155710923795,1.6813004530308122,0.0,1.0498632622685602,1.5354703593550907,1.792555043071773,2.6489434164158063,10.539907051340736,11.648539824235352,14.854336366655977,12.94653701557054,2.5680612099757227,2.078619217483068,2.6283730346265086,1.7628885976105866,1.833477819804729,1.576170735554234,1.6716228386147542,1.882502723390092,1.8979835585002627,3.280187417702259,3.7438460605672543,3.3146458622066244,3.6730043807585737,2.7610200087518977,29.024946317446176,1.653730077935621,2.4680912984406858,2.0562826117518016,3.09625960728587,3.3850916598280536,7.239795626417849,1.3855801727124795,1.4967446540778657,1.4473580153518826,3.289652841125564,2.3146199732174884,2.246396005792639
 TBPL3,2.920827594135318,2.4161850866571744,1.7035987271290596,1.2677133653553208,1.2871548662314856,1.3595722636830672,1.4709052966111775,1.0945906151832707,1.3859193008681052,1.5828339223334136,1.0498632622685602,0.0,1.2930605656832481,1.6665075063641883,2.3628864556901865,5.245411861085372,6.3219469496382,7.123001734998779,36.428532692371796,2.1059677724585684,2.1920783893801365,2.7702284438509714,1.7784417753812694,1.7715240334129942,1.6996754105514786,1.7784239669508426,1.9991614753165572,1.984318422835195,3.1761474072291733,3.3686048349707645,2.9194605255622794,3.0520584270564095,2.24645786968041,7.977739292889623,1.6292513236884958,2.286385453440862,1.943914849921644,2.5611240586175272,2.708916184204502,3.9934513472174054,1.4253741158621662,1.666524669400296,1.561204290896032,3.9679481563259595,2.463634635692182,2.290488383285118
 TBPL2,2.3194335215842976,2.2928765184293654,2.084819176244931,1.592943412514669,1.5894026772161554,1.673630165316935,2.023310638884576,1.6165117666429902,1.9826859725726027,1.4189038135905656,1.5354703593550907,1.2930605656832481,0.0,1.2371198104506862,2.190242535689584,3.415075487952287,3.432004496422947,3.5588103766187023,5.949003764715009,2.589250349192657,4.710805823683861,8.66783746297343,3.748555529830312,2.1246276672932174,3.18994979825591,2.9262849766975387,3.1301349661334137,3.0368361759804445,4.047575736096361,3.7045652361236687,3.335410822584005,3.380838519025781,2.2675422335080606,3.5544344268320263,1.6450221970771544,1.97690862344545,1.7891679117043964,2.159338697751265,2.1372815493461483,1.850602518040814,2.115742292347217,3.569761669700813,2.851403804429225,48.33430144687865,4.83411004470742,4.544762953209558
 TBPL1,1.698897997060331,1.5947559209994837,2.0246584050409444,1.7580987310868237,1.4943341128882401,1.5913658096292067,1.5970749199807615,2.1114471189468142,1.9859509726444176,1.6902470030382546,1.792555043071773,1.6665075063641883,1.2371198104506862,0.0,3.1706607378797917,5.71955151509973,3.951226612195059,3.79535819577572,7.085106997536268,3.21915826640781,7.153764271523259,21.72960746129511,5.929347600224212,2.6152110440640755,4.157710959231835,3.5749761217589384,3.4867089629457415,3.330263056855086,5.165093836361388,4.92708583084639,4.7032174150381385,5.09488855314314,3.594575769400009,5.835718280464993,1.5964052411584098,2.139326110903993,1.9187051004728737,2.1411093749527925,4.478700899529116,2.5723996979971075,2.258300523019824,3.325693061119744,2.9857155172338103,11.841593045809367,5.163090234825789,4.264078380361991
 TL10,4.853658402953153,11.041780917762047,10.438588136202826,10.407440938526822,3.2773137382527713,9.390488783656219,9.568014569726476,3.6354555626702703,5.329216672077886,2.133068043944983,2.6489434164158063,2.3628864556901865,2.190242535689584,3.1706607378797917,0.0,5.939520269646107,7.049284897091595,6.150725555279443,12.688528668654596,9.859751210411813,3.57084334207996,17.47828675861915,5.819791727864562,8.365149666886081,2.540155045124489,2.455059120357842,2.708767966393447,2.9212169616709738,2.9071902248024815,3.3484024168548827,3.4177536531215615,4.423826871839438,3.6322204752079728,12.53554933552277,5.096461172578396,5.2298192674298845,3.2597994107256256,52.52398070113522,3.838222237239985,4.66256528442998,5.754804219845476,3.570606261083243,3.14141152543409,2.8705407585757574,2.8755766664467326,5.304542518232133
 TL09,11.64143954737009,16.494502240000944,5.8737698195468875,4.048936759166417,3.1279328883383735,3.91484372455004,28.751742206547878,5.206247865960316,7.545928550622573,4.1176520749462755,10.539907051340736,5.245411861085372,3.415075487952287,5.71955151509973,5.939520269646107,0.0,1.1003549082241872,1.2202970600821508,1.298765633731949,6.281727279428095,2.553499343796399,1.809776833394579,2.5715080437528224,5.506102987232403,4.158598825853517,5.45153900947218,7.547886079593085,8.04320530792052,9.352608544828119,22.64920832231719,8.441110427744919,13.29476473998596,6.892163630930107,9.946306402534184,10.04219061184087,7.015311010108495,20.422552820665878,11.252077938469363,21.592578452304902,11.520376244791468,8.425961586994918,4.337896116205056,4.708309542395246,14.517702788985556,5.932204072342207,3.8589108601694173
 TL08,4.5106975689733595,7.715410665421247,6.758783229948845,4.7336232978307935,2.855918987413952,3.6295290226128505,44.031176896762396,6.4043401894389245,10.335232346762806,4.11879912993791,11.648539824235352,6.3219469496382,3.432004496422947,3.951226612195059,7.049284897091595,1.1003549082241872,0.0,1.0382698617624173,1.1043244273770163,8.747806819945287,1.8846721509240716,1.4812420412605032,2.073868813924194,5.115944694232616,4.314691364508604,5.735934790441547,9.439273632260699,12.680369283063941,7.6944075824587355,14.959012473038987,7.57125468305948,13.132935380685662,7.937235884131535,9.851771407606892,8.803771906531198,9.099116993412931,737.3640856225483,36.042080323157336,34.383165735093655,19.211318593421332,8.01393603920172,4.195086031556273,3.663602827625569,9.208940803381036,4.434294784787934,2.995330146736242
 TL07,3.3835418031384497,6.807306616959657,10.225054155483237,5.582806789267249,2.8526788648667147,3.8809580677110787,166.35618409566348,7.9478924659835455,9.562378458637573,3.7728580216290237,14.854336366655977,7.123001734998779,3.5588103766187023,3.79535819577572,6.150725555279443,1.2202970600821508,1.0382698617624173,0.0,1.0692386077729732,7.158683165388686,1.7027594128323278,1.4297064140441176,2.1516942513121333,4.589862303852258,4.261742392334508,5.675582624455976,11.050894188739436,19.296762560529153,8.253105083634615,17.272962888730948,8.193439305347562,14.18745525901221,9.045184337470086,11.9101386090965,7.269916506109526,9.54969188301386,56.59113003294424,119.36994047829232,14.718414543385506,7.195426246381966,8.199000853530812,5.39042600247965,3.512405111331119,10.704045353246062,4.5756296912857675,2.963604214682814
 TL06,5.9740173586113245,13.58173023602855,14.372714403769605,104.67648429974261,4.333056075284534,8.063217205220225,4.9304549678092915,13.771830814071388,7.831743264576067,4.468518525002251,12.94653701557054,36.428532692371796,5.949003764715009,7.085106997536268,12.688528668654596,1.298765633731949,1.1043244273770163,1.0692386077729732,0.0,12.53795942228205,1.5029680299962378,1.279848518769643,1.5527763596291921,3.2689170772103693,5.974680421071709,7.7941321265739925,19.581884956133102,93.13824866009692,1665.2546939884858,15.10419097336962,66.99183760991025,15.67819692360939,27.59872920759598,6.09455499009944,3.764475212092551,5.377687514160857,8.73913174982976,13.620461450528836,8.279276825744663,4.798473534015223,3.5800620629913116,3.1478401730965206,2.4135827762934285,7.5061449749043705,3.4699948618201475,2.4291717821570846
 TL05,6.514465395336309,4.912578502696186,1.3515814608762813,1.4369801430937221,2.913842069854805,1.851758536556993,1.9424329188079408,1.6072607430656811,1.6599288761837991,3.9665698906700295,2.5680612099757227,2.1059677724585684,2.589250349192657,3.21915826640781,9.859751210411813,6.281727279428095,8.747806819945287,7.158683165388686,12.53795942228205,0.0,4.470706091949352,2.460303727640373,1.7229808620912115,1.7626405313522635,4.673686522848585,5.443614343181702,6.231470473452207,6.261449869125611,7.337263388925667,6.307827175757091,4.688973106006299,4.211486729892506,3.350877261377568,6.09496108472511,2.2332869133148354,3.304759844911871,3.4737195042891496,4.2278116709842255,4.864301806827012,3.9483958220898736,1.8697608497919875,2.80777427247494,2.3339917367226906,14.49106825616644,7.077665793072992,3.7236101584975745
 TL04,17.841152157808477,7.6159763916336045,5.487626050212489,3.646625348942173,5.747261019178364,6.860774171587493,2.64595369143283,2.4957708526833486,3.0087597619705813,8.727389414077765,2.078619217483068,2.1920783893801365,4.710805823683861,7.153764271523259,3.57084334207996,2.553499343796399,1.8846721509240716,1.7027594128323278,1.5029680299962378,4.470706091949352,0.0,1.1274336907713753,1.2604888296823227,1.945631732562063,3.9177623306612044,3.409554235290724,2.867184804188883,2.5974776564522775,7.35287981004913,6.698151654117226,7.537871665419765,6.67757025605718,5.983792843639364,24.090738842466642,2.2663031510379676,3.6891410428138625,2.8784767252479178,5.405167951293744,3.6136274676927522,3.1803225508563435,2.2973715358700204,1.831687204473975,1.3353062742777906,1.9187307021730056,1.3727876293838257,1.288994792599595
 TL03,9.084424563010863,26.056051048755172,3.210697496527398,3.5218037048542232,24.887802785290493,6.001704365904801,2.5704001223324293,2.540747597143821,3.0433203610603043,41.671223753289915,2.6283730346265086,2.7702284438509714,8.66783746297343,21.72960746129511,17.47828675861915,1.809776833394579,1.4812420412605032,1.4297064140441176,1.279848518769643,2.460303727640373,1.1274336907713753,0.0,1.1337816325495729,1.4663283897499264,8.618198907147903,6.562188612077297,4.880064510495939,4.2714380140711805,22.964663338866853,12.206580348525877,16.289317278363466,9.610018340173601,8.862735664376356,11.244322302637638,2.3249906552792248,3.4735480682815623,3.1707384010792916,5.156411194204828,3.5342934106716832,3.655064777398756,2.002367904022778,1.894036760935381,1.3932003820609824,3.0280936998553902,1.713629655408183,1.4238132322451933
 TL02,9.044572439245963,6.1196539184692815,2.1412293962451665,1.85337363255919,3.4130889434841345,2.6627733375802896,1.9351458703091073,1.6737972436783495,1.8509098604110494,4.638593175543243,1.7628885976105866,1.7784417753812694,3.748555529830312,5.929347600224212,5.819791727864562,2.5715080437528224,2.073868813924194,2.1516942513121333,1.5527763596291921,1.7229808620912115,1.2604888296823227,1.1337816325495729,0.0,1.5756197099341276,3.4218773971304026,3.5404645260773826,3.547445153971594,3.2926829125150685,5.101306302934592,4.534240658377838,4.273540689954379,3.7061170920826907,3.240544747568731,5.399023802983385,2.1431629044377694,3.579541210393156,3.1498725019627316,5.2453828612964095,4.164743569200381,4.228127256029477,1.4626321836519387,1.4517160110809384,1.2499762554501603,3.250561517907512,1.8523000069735995,1.5890709874039994
 TL01,5.048852504139327,3.328274198505882,1.5875224954116984,1.8347845903925377,2.7495107367968754,1.7737501371728275,1.7046305942056066,1.6133896363480176,2.263860576366255,2.6022499034922,1.833477819804729,1.7715240334129942,2.1246276672932174,2.6152110440640755,8.365149666886081,5.506102987232403,5.115944694232616,4.589862303852258,3.2689170772103693,1.7626405313522635,1.945631732562063,1.4663283897499264,1.5756197099341276,0.0,5.629167848414464,5.5840083615513505,5.524879226325011,5.85303112258403,7.25710064146739,6.121150449255622,5.722183639774928,4.874447121028971,4.025507009969818,6.7157972795786804,1.674383374210252,2.2969740727143253,2.101525232742454,3.563314894635969,2.6291950414918555,3.6961355565784872,1.556726872526789,2.1836067914952726,1.5679198037331115,11.180207462242201,3.4675244426291143,2.238162904471213
 TR01,5.942147383815078,4.691754809159919,4.051315091622759,2.2360755082869073,1.7730742068779066,2.161481946102377,3.2311203616894977,1.8128718861735553,3.164052018220381,2.4979360715317274,1.576170735554234,1.6996754105514786,3.18994979825591,4.157710959231835,2.540155045124489,4.158598825853517,4.314691364508604,4.261742392334508,5.974680421071709,4.673686522848585,3.9177623306612044,8.618198907147903,3.4218773971304026,5.629167848414464,0.0,1.0840157317356434,1.2403354829087434,1.3336705546210768,2.626946373037233,3.4998961434004165,3.042871668579303,4.385674716012265,4.916935281273525,6.23909362371714,3.1962079811569475,4.99855001240796,2.8275764262409187,9.307187532662153,11.9453385214119,43.0750751551674,2.601110583556266,2.2629159393301292,2.521377087013572,3.635311683050684,3.090450668295015,4.52132246312615
 TR02,6.462374715217827,4.725245575228248,4.854126903585275,2.5628870991466566,1.9562050346506905,2.4665576865396193,3.0916334839893254,2.0296061620714827,3.2302466203169073,2.9528720653013614,1.6716228386147542,1.7784239669508426,2.9262849766975387,3.5749761217589384,2.455059120357842,5.45153900947218,5.735934790441547,5.675582624455976,7.7941321265739925,5.443614343181702,3.409554235290724,6.562188612077297,3.5404645260773826,5.5840083615513505,1.0840157317356434,0.0,1.0381065951635577,1.0892482531168883,2.364368537859577,3.0166603772502323,3.253654539308228,6.03629150894048,5.745664136552059,4.022446246528133,2.5511274809087143,3.197910211459711,2.138498767598149,4.916933132264733,5.784337802103937,8.234193154707791,2.887836314946682,2.2549190995515414,2.5810445265920072,3.1328760210168642,2.2650091523725995,2.814660770056511
 TR03,8.04709656456388,4.63872100853525,5.208619318211324,2.9386786925906194,2.252154585510182,2.8750320813014203,3.015606177605451,2.391846564827043,3.431441314767575,3.835022417776812,1.882502723390092,1.9991614753165572,3.1301349661334137,3.4867089629457415,2.708767966393447,7.547886079593085,9.439273632260699,11.050894188739436,19.581884956133102,6.231470473452207,2.867184804188883,4.880064510495939,3.547445153971594,5.524879226325011,1.2403354829087434,1.0381065951635577,0.0,1.0202607969977104,2.330609886066989,2.946277013123879,3.6517739089508163,9.537327749912208,8.203277782650472,3.2095250221562432,2.272036748738867,2.6614902731077663,1.945237548697351,3.9124048479170113,4.994260792419587,4.240602301742376,3.1581918138635015,2.2891867400758232,2.554565811040668,2.815551878480934,1.9423126167992517,2.2031279665880534
 TR04,9.165220570937928,4.378134765014841,4.648802406112631,2.7685632289128965,2.249392390253678,2.833773977349945,2.9778504286257195,2.4730634415191197,3.4772866148322157,3.898141659052479,1.8979835585002627,1.984318422835195,3.0368361759804445,3.330263056855086,2.9212169616709738,8.04320530792052,12.680369283063941,19.296762560529153,93.13824866009692,6.261449869125611,2.5974776564522775,4.2714380140711805,3.2926829125150685,5.85303112258403,1.3336705546210768,1.0892482531168883,1.0202607969977104,0.0,2.651114783287443,3.428409165124506,4.556464690207609,26.15644893764458,15.108514237832138,2.8142547927795762,2.2380861217928234,2.6279040660319746,1.9606241421467874,3.35124316216236,4.58396330609486,3.477349007763656,2.9239525007040243,2.208737959272989,2.441377352943497,2.87966248702428,1.878484059240662,2.0524284124699084
 TR05,3.480990276056418,4.198962989428003,4.220128761369431,3.5489649964454433,3.3176125740775864,4.0032654253158135,4.51954113929676,2.926541497395134,2.8720759765661077,3.9816150028081547,3.280187417702259,3.1761474072291733,4.047575736096361,5.165093836361388,2.9071902248024815,9.352608544828119,7.6944075824587355,8.253105083634615,1665.2546939884858,7.337263388925667,7.35287981004913,22.964663338866853,5.101306302934592,7.25710064146739,2.626946373037233,2.364368537859577,2.330609886066989,2.651114783287443,0.0,1.0415505447463693,1.1495787403171926,1.4456323616647422,1.538861889750856,3.827248208022061,2.6662310845373542,3.0691284295659496,3.299899038854141,5.739971708007732,17.32854706096787,7.739637837133835,3.974376678331565,4.609906195165482,4.499942006605132,8.550710478523216,8.376419791171314,8.962827341430271
 TR06,3.2513360332935877,4.179582298365926,4.098851568883992,3.601196547349678,3.920950403739655,4.350159409964265,4.509786935014861,2.908393818854176,2.702406476299028,4.552960855266178,3.7438460605672543,3.3686048349707645,3.7045652361236687,4.92708583084639,3.3484024168548827,22.64920832231719,14.959012473038987,17.272962888730948,15.10419097336962,6.307827175757091,6.698151654117226,12.206580348525877,4.534240658377838,6.121150449255622,3.4998961434004165,3.0166603772502323,2.946277013123879,3.428409165124506,1.0415505447463693,0.0,1.0565388707976369,1.2408999725782022,1.3151385884035207,2.3870228580848996,2.427417225325035,2.6584534339191377,3.0916631110186974,4.638574564111845,7.9357691593778314,5.969839725373226,4.586549070058941,6.64934407257338,5.388767827078642,11.313262437006514,9.526993980493513,8.579202436505769
 TR07,3.3045069448251705,4.3866361242450695,3.5913253320193346,3.0092693477651595,3.3688221873437247,3.6127395150983435,4.619167291363658,2.5086658333832963,2.4931466626624568,3.921840794894529,3.3146458622066244,2.9194605255622794,3.335410822584005,4.7032174150381385,3.4177536531215615,8.441110427744919,7.57125468305948,8.193439305347562,66.99183760991025,4.688973106006299,7.537871665419765,16.289317278363466,4.273540689954379,5.722183639774928,3.042871668579303,3.253654539308228,3.6517739089508163,4.556464690207609,1.1495787403171926,1.0565388707976369,0.0,1.0823397762033713,1.164622430846266,1.9709969268410024,2.608434842037407,2.951887622905597,3.5067334668181935,5.232691679433214,8.640254453692753,6.567197123196045,4.2865909737725545,8.552986025581971,5.735733756344205,17.723809661237127,14.344559146614541,12.7107663812277
 TR08,3.296394450086962,4.353678003064552,3.5443774552670244,3.016789108437348,3.6932824914037656,3.828403544870012,4.7562806992526205,2.5870833267323117,2.4377565158152197,3.9498299447021203,3.6730043807585737,3.0520584270564095,3.380838519025781,5.09488855314314,4.423826871839438,13.29476473998596,13.132935380685662,14.18745525901221,15.67819692360939,4.211486729892506,6.67757025605718,9.610018340173601,3.7061170920826907,4.874447121028971,4.385674716012265,6.03629150894048,9.537327749912208,26.15644893764458,1.4456323616647422,1.2408999725782022,1.0823397762033713,0.0,1.0598676129445894,1.4605461435969993,2.99853442916408,3.7288709857916578,5.256238624866153,6.740524676127576,12.269455646703802,7.378911211904511,4.461033389101235,10.498839429347557,6.191217633458928,30.617443385505293,42.23648472836689,20.475641067005935
 TR09,3.2123734279099114,4.29102969501133,2.9359883146445207,2.3260652162094875,2.9364528253196935,3.0472869750268043,3.9161065736104357,2.0863100069464178,2.080034380838023,3.1227366412316457,2.7610200087518977,2.24645786968041,2.2675422335080606,3.594575769400009,3.6322204752079728,6.892163630930107,7.937235884131535,9.045184337470086,27.59872920759598,3.350877261377568,5.983792843639364,8.862735664376356,3.240544747568731,4.025507009969818,4.916935281273525,5.745664136552059,8.203277782650472,15.108514237832138,1.538861889750856,1.3151385884035207,1.164622430846266,1.0598676129445894,0.0,1.411128040042525,2.7627778516642314,3.3712606968745686,4.477882676190236,7.308429336886073,6.9781049377468625,4.633200454672231,3.590472589534886,8.227177894101724,5.365022308629437,164.35237110001174,24.856314666285886,19.254244523492986
 TR10,5.080498248674752,10.761296136693923,6.004045003979952,6.447994678882292,75.19952743911021,18.16365697219815,16.374607229938217,5.778280151182393,3.7117738550757773,9.58536495174889,29.024946317446176,7.977739292889623,3.5544344268320263,5.835718280464993,12.53554933552277,9.946306402534184,9.851771407606892,11.9101386090965,6.09455499009944,6.09496108472511,24.090738842466642,11.244322302637638,5.399023802983385,6.7157972795786804,6.23909362371714,4.022446246528133,3.2095250221562432,2.8142547927795762,3.827248208022061,2.3870228580848996,1.9709969268410024,1.4605461435969993,1.411128040042525,0.0,8.019916375867073,8.670576079161265,71.28856982265617,28.854554263978187,10.615037008322904,6.7790067550817605,25.565009272056493,7.112507945323026,17.131700024189477,5.726089223842841,5.371185874745052,6.469633834410294
 TBPR1,2.2286785927339148,1.6518171307692762,1.701648889924509,1.6874985736086334,1.8032192454431446,1.6825377763771483,1.3182848006502954,1.6318373238624377,1.627336112486613,2.4087941883159654,1.653730077935621,1.6292513236884958,1.6450221970771544,1.5964052411584098,5.096461172578396,10.04219061184087,8.803771906531198,7.269916506109526,3.764475212092551,2.2332869133148354,2.2663031510379676,2.3249906552792248,2.1431629044377694,1.674383374210252,3.1962079811569475,2.5511274809087143,2.272036748738867,2.2380861217928234,2.6662310845373542,2.427417225325035,2.608434842037407,2.99853442916408,2.7627778516642314,8.019916375867073,0.0,1.1592914440210254,1.3374498985921253,1.8158944368795327,2.506974316468766,1.9058241491605041,1.8483143253766792,2.0009831786586387,1.9040187502877965,4.624601165439551,2.46885449779255,2.018359420952194
 TBPR2,4.049882332251002,3.0221694655881994,2.702026117706057,2.9092616842185017,3.527087245666541,3.125912423015508,1.8954245270153378,2.3913708491219245,2.37242395058184,4.282844626379932,2.4680912984406858,2.286385453440862,1.97690862344545,2.139326110903993,5.2298192674298845,7.015311010108495,9.099116993412931,9.54969188301386,5.377687514160857,3.304759844911871,3.6891410428138625,3.4735480682815623,3.579541210393156,2.2969740727143253,4.99855001240796,3.197910211459711,2.6614902731077663,2.6279040660319746,3.0691284295659496,2.6584534339191377,2.951887622905597,3.7288709857916578,3.3712606968745686,8.670576079161265,1.1592914440210254,0.0,1.2870918563771787,1.943919862259035,2.0673789601070585,1.919483763627272,3.6216586390106693,3.7693289956690674,3.8130675274280037,6.905352791375951,2.8239406839051666,2.713024962725735
 TBPR3,3.59159558914205,3.3905595476575194,3.0662999018921284,2.90226403684803,3.071465486588289,2.9549921981514533,1.9705839148878603,2.1210412242360057,2.7046385067983834,4.4401822024481685,2.0562826117518016,1.943914849921644,1.7891679117043964,1.9187051004728737,3.2597994107256256,20.422552820665878,737.3640856225483,56.59113003294424,8.73913174982976,3.4737195042891496,2.8784767252479178,3.1707384010792916,3.1498725019627316,2.101525232742454,2.8275764262409187,2.138498767598149,1.945237548697351,1.9606241421467874,3.299899038854141,3.0916631110186974,3.5067334668181935,5.256238624866153,4.477882676190236,71.28856982265617,1.3374498985921253,1.2870918563771787,0.0,1.8000945584526875,1.687009710853454,1.9327885939732445,3.3929728389390785,3.6619837239523974,3.179741500073594,5.482239853597449,2.2921763627297316,2.5542022578672747
 TBPR4,3.3251561530471334,2.941431638364016,3.2194874950575847,3.2366283979051014,3.6722144603859945,3.474897229709211,2.5144220437275893,3.3661324536844353,3.4860013367807143,3.504220593959197,3.09625960728587,2.5611240586175272,2.159338697751265,2.1411093749527925,52.52398070113522,11.252077938469363,36.042080323157336,119.36994047829232,13.620461450528836,4.2278116709842255,5.405167951293744,5.156411194204828,5.2453828612964095,3.563314894635969,9.307187532662153,4.916933132264733,3.9124048479170113,3.35124316216236,5.739971708007732,4.638574564111845,5.232691679433214,6.740524676127576,7.308429336886073,28.854554263978187,1.8158944368795327,1.943919862259035,1.8000945584526875,0.0,2.6969674562249817,2.6387893611945885,3.957054406452499,5.025205917068587,6.3020883421776706,32.04465721486438,4.1475118110184095,2.2653915183460325
 TBAR3,22.494616269848375,18.42042489663562,9.116923479389648,7.068721473066182,114.71007500240407,13.66191653003109,6.793046545595903,3.1644267281999743,7.911703295396371,9.626643662984499,3.3850916598280536,2.708916184204502,2.1372815493461483,4.478700899529116,3.838222237239985,21.592578452304902,34.383165735093655,14.718414543385506,8.279276825744663,4.864301806827012,3.6136274676927522,3.5342934106716832,4.164743569200381,2.6291950414918555,11.9453385214119,5.784337802103937,4.994260792419587,4.58396330609486,17.32854706096787,7.9357691593778314,8.640254453692753,12.269455646703802,6.9781049377468625,10.615037008322904,2.506974316468766,2.0673789601070585,1.687009710853454,2.6969674562249817,0.0,1.9372774829228474,8.315995026787084,37.93267240642792,6.1432839237583705,21.889442422555955,3.628021497966684,3.8441856424258347
 TBAR4,13.580573358011057,8.392463570091056,4.083786992869485,4.378426444926906,16.703237299920083,9.102536032141678,5.537174566766054,7.260042436229541,4.6916820904877055,5.859703503568115,7.239795626417849,3.9934513472174054,1.850602518040814,2.5723996979971075,4.66256528442998,11.520376244791468,19.211318593421332,7.195426246381966,4.798473534015223,3.9483958220898736,3.1803225508563435,3.655064777398756,4.228127256029477,3.6961355565784872,43.0750751551674,8.234193154707791,4.240602301742376,3.477349007763656,7.739637837133835,5.969839725373226,6.567197123196045,7.378911211904511,4.633200454672231,6.7790067550817605,1.9058241491605041,1.919483763627272,1.9327885939732445,2.6387893611945885,1.9372774829228474,0.0,5.383722597838822,17.080585679874865,5.616564783028068,156.27198369677296,3.5778112296163647,3.5405098408966467
 TLR01,3.2569250555107296,2.2006027421681122,1.3366694348752395,1.2634995623100063,1.4850742628992744,1.275101139458678,1.714633113367623,1.4031621082028007,1.8022643108957819,1.6073845571450163,1.3855801727124795,1.4253741158621662,2.115742292347217,2.258300523019824,5.754804219845476,8.425961586994918,8.01393603920172,8.199000853530812,3.5800620629913116,1.8697608497919875,2.2973715358700204,2.002367904022778,1.4626321836519387,1.556726872526789,2.601110583556266,2.887836314946682,3.1581918138635015,2.9239525007040243,3.974376678331565,4.586549070058941,4.2865909737725545,4.461033389101235,3.590472589534886,25.565009272056493,1.8483143253766792,3.6216586390106693,3.3929728389390785,3.957054406452499,8.315995026787084,5.383722597838822,0.0,1.3364479395291216,1.2139354440911654,337.3714808406405,6.0788888706652235,3.000000524672904
 TLR02,2.7045704718259977,2.032635506711664,2.349010474250611,1.7390831520562906,1.593827175248215,1.8535349361626974,1.5328890760197043,1.7251720722939838,1.8192029358882493,2.1857991260830674,1.4967446540778657,1.666524669400296,3.569761669700813,3.325693061119744,3.570606261083243,4.337896116205056,4.195086031556273,5.39042600247965,3.1478401730965206,2.80777427247494,1.831687204473975,1.894036760935381,1.4517160110809384,2.1836067914952726,2.2629159393301292,2.2549190995515414,2.2891867400758232,2.208737959272989,4.609906195165482,6.64934407257338,8.552986025581971,10.498839429347557,8.227177894101724,7.112507945323026,2.0009831786586387,3.7693289956690674,3.6619837239523974,5.025205917068587,37.93267240642792,17.080585679874865,1.3364479395291216,0.0,1.2206157030478637,2.0309636397028465,1.8944925278776794,1.7962250514359739
 TLR03,4.715271498673087,2.641994865514973,1.9157815761874357,1.6831191210262437,1.8358373596848525,1.7311568523960628,1.809826736646814,1.5865132738219867,1.908002305181108,2.0968613369017484,1.4473580153518826,1.561204290896032,2.851403804429225,2.9857155172338103,3.14141152543409,4.708309542395246,3.663602827625569,3.512405111331119,2.4135827762934285,2.3339917367226906,1.3353062742777906,1.3932003820609824,1.2499762554501603,1.5679198037331115,2.521377087013572,2.5810445265920072,2.554565811040668,2.441377352943497,4.499942006605132,5.388767827078642,5.735733756344205,6.191217633458928,5.365022308629437,17.131700024189477,1.9040187502877965,3.8130675274280037,3.179741500073594,6.3020883421776706,6.1432839237583705,5.616564783028068,1.2139354440911654,1.2206157030478637,0.0,2.205515281466935,1.7509025426927678,1.523132274860914
 TLR04,4.405222777260745,4.904072988038885,5.4945769509486295,37.63288540935957,4.0689425986586505,59.30160778474591,2.7778872410408075,4.744535695018315,2.925741831441012,370.95575238069966,3.289652841125564,3.9679481563259595,48.33430144687865,11.841593045809367,2.8705407585757574,14.517702788985556,9.208940803381036,10.704045353246062,7.5061449749043705,14.49106825616644,1.9187307021730056,3.0280936998553902,3.250561517907512,11.180207462242201,3.635311683050684,3.1328760210168642,2.815551878480934,2.87966248702428,8.550710478523216,11.313262437006514,17.723809661237127,30.617443385505293,164.35237110001174,5.726089223842841,4.624601165439551,6.905352791375951,5.482239853597449,32.04465721486438,21.889442422555955,156.27198369677296,337.3714808406405,2.0309636397028465,2.205515281466935,0.0,1.2085967315530024,1.4510978453844228
 TLR05,8.015046759636265,6.166536085646924,142.81050364248955,7.178604734621365,4.222180970679186,10.89413103487186,2.5191903687678865,3.0561035005505066,2.7011390801984763,52.55620553139186,2.3146199732174884,2.463634635692182,4.83411004470742,5.163090234825789,2.8755766664467326,5.932204072342207,4.434294784787934,4.5756296912857675,3.4699948618201475,7.077665793072992,1.3727876293838257,1.713629655408183,1.8523000069735995,3.4675244426291143,3.090450668295015,2.2650091523725995,1.9423126167992517,1.878484059240662,8.376419791171314,9.526993980493513,14.344559146614541,42.23648472836689,24.856314666285886,5.371185874745052,2.46885449779255,2.8239406839051666,2.2921763627297316,4.1475118110184095,3.628021497966684,3.5778112296163647,6.0788888706652235,1.8944925278776794,1.7509025426927678,1.2085967315530024,0.0,1.1295555818134502
 TLR06,9.316645603878074,4.224064737427133,5.277347967683205,3.8274976305286477,3.8772760066924947,4.879273130040414,2.079397628944277,2.62157341661235,2.3539179594010737,11.620156470789015,2.246396005792639,2.290488383285118,4.544762953209558,4.264078380361991,5.304542518232133,3.8589108601694173,2.995330146736242,2.963604214682814,2.4291717821570846,3.7236101584975745,1.288994792599595,1.4238132322451933,1.5890709874039994,2.238162904471213,4.52132246312615,2.814660770056511,2.2031279665880534,2.0524284124699084,8.962827341430271,8.579202436505769,12.7107663812277,20.475641067005935,19.254244523492986,6.469633834410294,2.018359420952194,2.713024962725735,2.5542022578672747,2.2653915183460325,3.8441856424258347,3.5405098408966467,3.000000524672904,1.7962250514359739,1.523132274860914,1.4510978453844228,1.1295555818134502,0.0
