, TLL06, TLL05, TLL04, TLL03, TLL02, TLL01, TBAL4, TBAL3, TBAL2, TBAL1, TBPL4, TBPL3, TBPL2, TBPL1, TL10, TL09, TL08, TL07, TL06, TL05, TL04, TL03, TL02, TL01, TR01, TR02, TR03, TR04, TR05, TR06, TR07, TR08, TR09, TR10, TBPR1, TBPR2, TBPR3, TBPR4, TBAR3, TBAR4, TLR01, TLR02, TLR03, TLR04, TLR05, TLR06
 TLL06,0.0,1.8556167396902705,1.710342854425968,3.183154513400029,3.6644525292978143,6.893292811611291,3.6144606920701228,4.801313029618528,5.344797446947387,6.32318465270229,4.261402923992325,10.312257645849016,3.4696946185067863,3.688455847207582,7.3580280146418495,4.7627109540261525,4.392173434763287,3.59076171193551,4.756016914351765,23.421554283201083,16.71090497004929,14.124485952733776,21.599503003178704,2.4444578731435946,12.428863456957984,6.262233178975986,5.9020293000231625,7.0942264830677635,3.6789505459083305,3.4738723928539184,5.889628529249454,4.336663884202355,4.860716831975263,2.937450420140636,22.941226719648284,7.967447216782224,14.150069125550937,21.914666340107328,4.344573335356886,7.2695000090825035,7.9384605647449,33.48650746504616,4.914114625851034,8.783659822707412,6.999299079456829,7.4310239840189185
 TLL05,1.8556167396902705,0.0,2.272159503831482,140.73501148256224,8.25831444013932,18.659522208442578,15.216572726540855,26.771303147412894,34.47571221990604,17.177234937031933,8.921005475137173,7.954248219483974,10.938477304692157,10.713861873957898,3.1807359036918785,3.545587555695985,4.794439491110462,3.6498741009910054,2.8969445506417095,11.442603985838515,8.465626130242507,19.06081839906013,7.026770960898254,4.940165163275821,12.24245556173076,14.461229343508297,11.485311525769415,7.980015871422012,4.035309352358391,3.9432096379831,5.6047642271610885,4.287932915010419,6.023373199599579,3.4429738245407226,10.248084434042235,8.80254163581671,9.105962760410913,46.119355724160705,5.595046868168765,5.820556275914239,8.99400630359161,11.520535969548499,5.155687704030788,7.133094585919646,6.599612630057355,22.28524272039204
 TLL04,1.710342854425968,2.272159503831482,0.0,1.4246231439097223,1.9122201419705749,2.010269351952108,5.704079240882671,4.4192141613424125,4.957396882565089,8.0087643966124,6.961954589672749,3.2849948004087746,2.977064179402842,8.348720326515949,100.74356102551234,325.28101965450725,29.165276619637307,13.651712080445192,11.280950379255207,6.726609282040007,9.461121336072713,6.39631431707449,11.940250664943258,13.093268129368168,6.741952086066216,16.654842779852064,105.8539105402534,98.69326749579518,9.91801534316892,7.564722977946748,6.290536103660504,5.630684333535432,6.384344058488344,6.169278579188422,9.227431283721428,9.272509967278221,96.03607780750491,186.22217399811908,7.448218122081398,10.722236424576755,11.268764476887121,21.121802006075377,11.41371671826713,5.111518861601519,6.705260780213923,4.916890044178974
 TLL03,3.183154513400029,140.73501148256224,1.4246231439097223,0.0,1.320615465540176,1.4712417346542348,2.403980336371527,2.526414189816095,3.0773157916400624,5.120218817180852,3.0829395660717767,1.8528098536382676,2.7917048716875152,7.041537272346246,5.219834730797044,9.080164108980917,471.0816534947614,49.88213813449723,14.918804872132593,16.121555073376154,37.23273667285217,8.054933565038855,262.2704119562216,15.67501651187418,11.762414903188535,20.46966060073981,7.153224414804086,5.242367096857111,33.68545243014689,16.0482663399479,10.868782551699953,24.475740556552765,32.91841899010882,22.100284063890296,5.071961433315253,312.7792092641582,16.409253916912064,9.636893329202989,6.287998479423892,6.34926596010617,36.37234607754638,12.083994215203703,22.55230486412835,7.842297502603139,13.982985929091427,5.09563388743807
 TLL02,3.6644525292978143,8.25831444013932,1.9122201419705749,1.320615465540176,0.0,1.1673822518887267,2.4984907366170774,2.9068552158121657,3.542676921701412,3.6860571339941144,2.906613074953535,2.2952587230598667,4.107299651944292,4.614662197225383,3.1204442359354205,9.114462407621184,24.596108373122657,1577.7549660676377,16.985626069591994,10.534256310969539,12.340808525549214,65.64388602629184,9.964892342430451,18.30406932871934,11.967526147847872,13.286516128710618,5.9686737963960965,5.193075734783371,53.21259395423763,49.96730441216017,104.8806861850741,51.15220230367308,16.70833727962524,45.32209194642186,6.710473293768594,19.113182288517393,17.432376939669307,19.594513571365304,6.494092765147225,46.71263912672704,23.30622038605217,29.665370516792557,5.7490921190622695,10.919763772514882,46.89764571802317,10.199352580255901
 TLL01,6.893292811611291,18.659522208442578,2.010269351952108,1.4712417346542348,1.1673822518887267,0.0,4.4426363955682,4.056412451992926,5.482393671178077,8.515057331818637,4.042655558296458,2.6017830253168355,4.655383348195514,10.857308776889708,3.2002286315968766,6.816351558044383,16.353269837791267,31.79833625160587,14.449869643445286,26.040707748298676,46.53495289442628,10.100922150685893,705.4713368284707,28.17249698356315,9.928385576381277,82.70366076980046,13.890375270193276,8.006529747494099,35.36673541337217,34.0203541137603,23.06505021717789,47.83423668595417,200.12507797738908,11.847601208516002,5.076466938042684,43.8383108105045,61.997984881911314,15.818598143094482,3466.3436484744284,5.780833575182808,7.472355685773509,5.351852281008022,4.657031325898618,5.260629231844706,18.612542319147753,9.471244771334677
 TBAL4,3.6144606920701228,15.216572726540855,5.704079240882671,2.403980336371527,2.4984907366170774,4.4426363955682,0.0,1.6978345835699062,2.5327756223429474,3.99600556610825,1.420218387545543,2.154978609181141,8.723459037645618,2.523686318371108,5.54818933609848,26.19675121893848,21.462514519400578,224.17399043811443,6.624070695538736,2.5946789190121513,3.0726036215126964,3.562336393583793,2.9219980720270082,3.8608248987967952,4.608609402264092,3.0985306572919185,2.671112039424718,3.0418562666657625,35.4031129605692,12.021426825454999,164.89116726669764,20.69875036014107,8.695709265436212,8.800650612988981,34.80139090764197,72.2454951197882,36.446513441075304,4.663042774247496,2.7126323658203897,5.3807832390844785,27.12075502457181,200.40181670303687,6.177076549538759,8.983336915322079,26.79155674575075,9.952517861124322
 TBAL3,4.801313029618528,26.771303147412894,4.4192141613424125,2.526414189816095,2.9068552158121657,4.056412451992926,1.6978345835699062,0.0,1.3766226061373261,2.559313685974012,1.332956812107531,1.1952599645659183,2.290547355573066,11.42543083507788,46.2661565363873,45.59102366987984,172.2076364527942,136.89709312695928,69.03879740646019,35.610907259322474,45.817998280326,11.543718121522312,10.152933948095228,5.9512274845714135,11.126376760256862,3.628785133132061,3.034373267029263,2.993906630412536,6.055663125128142,4.999311495910202,6.777095177520769,9.55800643205091,18.208820844151,6.32669002860035,111.31361570034446,6.852818573551439,8.558298608156806,23.333473586227004,3.7100278280193577,9.23858930064401,9.029260693626993,7.6525807023395815,9.048745872220165,9.64941920201332,7.844217188809163,5.678070810852758
 TBAL2,5.344797446947387,34.47571221990604,4.957396882565089,3.0773157916400624,3.542676921701412,5.482393671178077,2.5327756223429474,1.3766226061373261,0.0,1.275766877304176,2.35462826328593,1.355572711989501,1.5801010326890206,9.851540595367785,20.106417837179624,12.849293133904975,10.696968457240791,11.165400034195892,51.5373696116184,5.851409407396632,4.237763367258859,3.427823804482469,3.404960981583026,20.76483133324676,19.221185953633007,7.845650962377214,5.159857609164844,4.808236455105259,6.6266339577334765,6.269399451389263,5.79829270963521,5.2924171903406005,4.356539827101264,7.893428699259187,15.79341708483139,21.894122271395325,8.662358416682178,27.3916511399618,2.9672416250194718,29.707941948734526,11.881023434095534,7.406141483759528,10.953398098193313,103.1766173932302,14.186830223376209,11.113001233853572
 TBAL1,6.32318465270229,17.177234937031933,8.0087643966124,5.120218817180852,3.6860571339941144,8.515057331818637,3.99600556610825,2.559313685974012,1.275766877304176,0.0,5.697381192650833,1.943598361195123,1.7145771141300317,4.783249785166169,17.221651908241945,17.741469029713553,67.88548346145946,34.177583913889286,14.792637068275154,10.734481893926239,7.022023795462419,5.528159437854714,5.427254061109236,123.86973219215847,11.37846171263138,16.15688327744705,8.048320910216034,8.584439838313731,10.114035214213915,7.776980815172268,5.890798342917462,5.061132683507354,4.517984127094282,5.397477064103441,26.88910208484869,18.12172677311686,1845.1943288647458,35.64203443837033,2.8736465010432184,14.163822143196509,574.96546429828,6.726559037936335,6.629576926731115,17.93169701209496,6.967414283812622,8.813514051652223
 TBPL4,4.261402923992325,8.921005475137173,6.961954589672749,3.0829395660717767,2.906613074953535,4.042655558296458,1.420218387545543,1.332956812107531,2.35462826328593,5.697381192650833,0.0,1.7167410125887235,6.453024017006359,5.57112541254388,40.44724095154418,15.150205363127276,14.18687341235388,23.81104312177487,1761.4629349434656,7.393277703538334,14.750773745340714,25.494088857501257,87.70814954257301,2.6019522417486667,6.265383472000965,3.7987344696758596,3.6352982072921995,4.385728273484119,5.896605246574405,5.337284096551515,12.062142179301901,25.745739357202904,63.012069893416516,5.3036177243576885,94.05172018862984,6.510979670503818,43.80885864495718,9.168763993061699,4.329072778999933,10.800662219463973,11.444796040352857,5051.730797198892,6.66561696588743,8.676121817035698,6.5569505165654896,10.855887006654186
 TBPL3,10.312257645849016,7.954248219483974,3.2849948004087746,1.8528098536382676,2.2952587230598667,2.6017830253168355,2.154978609181141,1.1952599645659183,1.355572711989501,1.943598361195123,1.7167410125887235,0.0,1.5881396298519261,8.62816464395501,7.54685651321348,10.694880657465486,16.584084180689736,17.32664394848116,170.82862329917234,6.825489863153018,6.38036489342409,3.9030896660821495,4.878479312838578,14.150826532027814,7.93807205348341,14.78329549288143,8.716536767409314,6.739469705364014,5.770220969941481,4.621735274754281,3.8615636327511873,4.487575537940464,5.499147158782091,11.700366344577473,5.765141253761215,4.63009514072412,7.400357899443625,8.77533353826325,3.568052682165212,7.9981431726257375,7.977794676181834,5.8545687207479125,32.152339254165945,10.75447913913026,8.613630131351359,4.19201623131489
 TBPL2,3.4696946185067863,10.938477304692157,2.977064179402842,2.7917048716875152,4.107299651944292,4.655383348195514,8.723459037645618,2.290547355573066,1.5801010326890206,1.7145771141300317,6.453024017006359,1.5881396298519261,0.0,2.152677649973821,3.5583685903667885,4.016806272764616,4.374370655254739,3.8233964134630254,2.9945439026375675,3.518083488279367,4.698733908280695,3.706360841584171,3.3862138299924585,2.796849602130901,3.622865697876653,10.73853645984264,15.452373042366322,15.73938337563643,2.2086713977260066,2.0135878299532277,1.9316627790044407,1.8281441038506345,1.8472549744586917,2.5328740210423826,4.282185906346175,5.356947341036401,3.711940931397637,9.665455831064323,3.6789765430443313,36.659684912788094,10.134027195379561,3.7606010745051734,9.089425317565727,8.956594519393354,4.796789898222793,3.541152111594265
 TBPL1,3.688455847207582,10.713861873957898,8.348720326515949,7.041537272346246,4.614662197225383,10.857308776889708,2.523686318371108,11.42543083507788,9.851540595367785,4.783249785166169,5.57112541254388,8.62816464395501,2.152677649973821,0.0,3.38436858828717,1.9880831643223285,2.2090106429835608,2.1789850458891107,3.3368191816483344,2.512270359465282,2.270506818787184,2.156416260192194,2.386943307600936,1.6126971525202602,6.105353721252926,16.295277779334963,16.32543920097059,6.997646951792532,2.702238892805738,2.397558554918701,3.6483452347279304,3.504321999394911,5.942992513194409,2.668454655009814,23.072537204334203,6.960013767368744,4.5244883960330595,4.322444835012796,2.553242224255446,1.8240784974336302,41.39000856842348,5.070321776780849,4.706577234353837,5.816845251582537,6.551583280982034,3.685754193752641
 TL10,7.3580280146418495,3.1807359036918785,100.74356102551234,5.219834730797044,3.1204442359354205,3.2002286315968766,5.54818933609848,46.2661565363873,20.106417837179624,17.221651908241945,40.44724095154418,7.54685651321348,3.5583685903667885,3.38436858828717,0.0,1.400836127154398,1.7182539092516689,1.6999476935572224,1.3855458745287272,3.2163876338966126,4.521150056459524,6.6537718024552435,3.3663559167438732,2.1323300614175156,5.517618382705903,5.345589566218658,4.356796787846067,4.314555652733397,1.8944449155463148,1.845916138616141,2.034040275280729,2.0098490223897905,2.277994612257134,1.855790389705025,27.55494513114878,61.00870419462865,14.126267313014727,26.184705172010283,4.570468063314623,3.2736480054209287,14.493577290322087,4.392710237657414,4.78368455920893,4.7475692937970155,4.73210500259659,4.678708353915464
 TL09,4.7627109540261525,3.545587555695985,325.28101965450725,9.080164108980917,9.114462407621184,6.816351558044383,26.19675121893848,45.59102366987984,12.849293133904975,17.741469029713553,15.150205363127276,10.694880657465486,4.016806272764616,1.9880831643223285,1.400836127154398,0.0,1.1247609036207913,1.11164550910809,1.19588118626969,6.338122450565893,3.708836428987799,3.2955257709415506,5.6409424669474735,2.5051864138362805,14.104043286502206,11.383823273480719,201.86313958771683,142.36381943493475,1.6702837443331653,1.6239958159639583,1.9452254236593503,1.9892381471956424,2.7397274330906893,1.476152247393499,54.46899777403829,94.10098216227972,12.185757443961919,4.973065402870023,4.408008456715542,2.7051376471086304,24.742160744730064,4.866001198458263,3.6195978807541325,4.508845876221148,4.8947759895983,4.1304104859979685
 TL08,4.392173434763287,4.794439491110462,29.165276619637307,471.0816534947614,24.596108373122657,16.353269837791267,21.462514519400578,172.2076364527942,10.696968457240791,67.88548346145946,14.18687341235388,16.584084180689736,4.374370655254739,2.2090106429835608,1.7182539092516689,1.1247609036207913,0.0,1.065966732672196,1.3343848692120834,4.146929259771608,2.7020979922291426,2.834758984323744,3.2935717595292684,2.7762010652522013,8.30803096422931,6.493491678818889,11.460068029028756,11.225452807810981,1.9163226138379374,1.9016733426170986,2.2901457162497785,2.553625433864779,3.8191684998934434,1.6328989749062643,22.153856196855084,22.680042967458075,10.743116565984918,5.7847594009820025,22.732898439540964,4.773840831863079,37.75755685564299,7.974568225645776,7.804672354085032,13.257583873796419,9.354144921316392,6.77161973781279
 TL07,3.59076171193551,3.6498741009910054,13.651712080445192,49.88213813449723,1577.7549660676377,31.79833625160587,224.17399043811443,136.89709312695928,11.165400034195892,34.177583913889286,23.81104312177487,17.32664394848116,3.8233964134630254,2.1789850458891107,1.6999476935572224,1.11164550910809,1.065966732672196,0.0,1.1409328667661571,5.7901454717407494,3.2042064358028064,3.181317040439248,4.269248851823874,2.7631215524695634,9.678074028984232,6.417413468257751,12.431302063657961,12.245180539489327,1.7831390166544334,1.7553851334084216,2.1511617012598165,2.225997801703168,3.151827689479964,1.4658010404171204,252.3607723140763,13.0901391603126,28.048470459783758,5.11623840230548,7.845321083262877,3.8181924824513818,75.63582113321992,6.057705032323726,4.759986477514318,6.74129149311672,5.732621767655776,4.26314774446246
 TL06,4.756016914351765,2.8969445506417095,11.280950379255207,14.918804872132593,16.985626069591994,14.449869643445286,6.624070695538736,69.03879740646019,51.5373696116184,14.792637068275154,1761.4629349434656,170.82862329917234,2.9945439026375675,3.3368191816483344,1.3855458745287272,1.19588118626969,1.3343848692120834,1.1409328667661571,0.0,4.544622698541147,10.867024966258809,16.17243006258176,5.808208131812304,3.295399569377982,16.48687168922422,45.3180627176845,10.30709141613411,14.054989552701032,1.6714669231300154,1.6549358312489821,1.8459925827885124,1.8648476075662586,2.31105714339067,1.53894810040181,64.5530013545907,10.936693345529708,33.813365131698234,5.588558461192041,4.024730116843015,3.998006580736533,42.91081851610942,4.596293627112085,4.360779290846504,3.471419510331427,3.422805615022006,3.1507165604596494
 TL05,23.421554283201083,11.442603985838515,6.726609282040007,16.121555073376154,10.534256310969539,26.040707748298676,2.5946789190121513,35.610907259322474,5.851409407396632,10.734481893926239,7.393277703538334,6.825489863153018,3.518083488279367,2.512270359465282,3.2163876338966126,6.338122450565893,4.146929259771608,5.7901454717407494,4.544622698541147,0.0,1.0352263234469712,1.043473360777991,1.0549290409498229,10.46147953237501,2.5708980826258494,2.4276897295535504,2.5041162655914353,3.2895150784889693,10.057276774945093,11.240500947108739,3.922854223758783,3.885135046422454,2.713877434831788,115.20016742517889,6.223290490666117,8.970006168151942,9.616183380252297,20.71340714995342,14.844117705835062,4.438665782651652,9.194263850362644,7.733407416616051,34.036569361557085,7.275902451200958,6.0937596270939265,8.903025986404264
 TL04,16.71090497004929,8.465626130242507,9.461121336072713,37.23273667285217,12.340808525549214,46.53495289442628,3.0726036215126964,45.817998280326,4.237763367258859,7.022023795462419,14.750773745340714,6.38036489342409,4.698733908280695,2.270506818787184,4.521150056459524,3.708836428987799,2.7020979922291426,3.2042064358028064,10.867024966258809,1.0352263234469712,0.0,1.0217040610867048,1.033443058748409,9.756727457266363,2.859342300242809,2.6673392784509664,2.8517330798974725,3.644309139565926,74.92601220167721,36.288585241979675,8.019197593121246,6.761740147851343,3.631404200189779,9.107431678408867,6.534223300686977,12.328872308366469,8.526258424690347,18.67349632828758,7.251821730374577,5.671067566270285,8.59117449075692,10.051477303968037,1305.570716918705,8.530795444407508,6.7159275408178996,19.102878160905014
 TL03,14.124485952733776,19.06081839906013,6.39631431707449,8.054933565038855,65.64388602629184,10.100922150685893,3.562336393583793,11.543718121522312,3.427823804482469,5.528159437854714,25.494088857501257,3.9030896660821495,3.706360841584171,2.156416260192194,6.6537718024552435,3.2955257709415506,2.834758984323744,3.181317040439248,16.17243006258176,1.043473360777991,1.0217040610867048,0.0,1.0573586996857243,6.268146027071583,3.1023255095384585,3.076061045597131,3.428344073442743,5.038583383833198,57.698974307109275,27.21927747178014,7.405336910538005,7.271309083454278,3.826306114885349,7.314614377004812,5.715650253653833,14.387481268310795,9.685178930622444,21.8283709705557,10.392212416432983,3.7605403581062595,9.359553512769628,13.583348712034997,16.764338390257908,10.546281990253219,7.585067743418539,17.37231841912718
 TL02,21.599503003178704,7.026770960898254,11.940250664943258,262.2704119562216,9.964892342430451,705.4713368284707,2.9219980720270082,10.152933948095228,3.404960981583026,5.427254061109236,87.70814954257301,4.878479312838578,3.3862138299924585,2.386943307600936,3.3663559167438732,5.6409424669474735,3.2935717595292684,4.269248851823874,5.808208131812304,1.0549290409498229,1.033443058748409,1.0573586996857243,0.0,131.67133607337416,3.306883024320946,3.3061442819728972,3.551657473901483,4.496943954668819,13.84644594764199,14.565320405530938,5.0347718675176205,4.520600361893638,2.8941446196466885,248.47511389629264,7.027115246315307,329.28399303126474,12.830984449388948,21.80549266121233,7.2043620709770755,6.552152081064693,7.614456764855895,7.5230376195626105,25.48443921445733,7.310391357955257,4.386578105795237,9.613115001471499
 TL01,2.4444578731435946,4.940165163275821,13.093268129368168,15.67501651187418,18.30406932871934,28.17249698356315,3.8608248987967952,5.9512274845714135,20.76483133324676,123.86973219215847,2.6019522417486667,14.150826532027814,2.796849602130901,1.6126971525202602,2.1323300614175156,2.5051864138362805,2.7762010652522013,2.7631215524695634,3.295399569377982,10.46147953237501,9.756727457266363,6.268146027071583,131.67133607337416,0.0,33.939152030305735,10.004449665471544,13.573354490225638,18.145378120734563,2.9352931683926187,2.4559080617446867,4.2552934596911385,3.4662450476707947,3.8910349547531635,2.180736095763662,4.148310586412939,4.055662919055454,5.242401489277144,5.215125119204441,3.4745005867777135,2.025489263940007,4.412563428488082,6.0992717824269285,3.1215493453122107,7.012025052381036,3.969204405756174,9.224671339917712
 TR01,12.428863456957984,12.24245556173076,6.741952086066216,11.762414903188535,11.967526147847872,9.928385576381277,4.608609402264092,11.126376760256862,19.221185953633007,11.37846171263138,6.265383472000965,7.93807205348341,3.622865697876653,6.105353721252926,5.517618382705903,14.104043286502206,8.30803096422931,9.678074028984232,16.48687168922422,2.5708980826258494,2.859342300242809,3.1023255095384585,3.306883024320946,33.939152030305735,0.0,1.065288616171707,1.181654678478603,1.278262406147638,3.096636928014889,2.8586248219496455,2.1240691878911155,2.3328780927892674,2.637792368870986,44.64158704957409,73.85054936971997,6.569339166425144,25.97698017827173,6.165888942835234,10.409397091830476,44.8813193805584,8.388616648155653,4.804064909454613,18.678071105147353,13.066107752168882,16.49821697952769,6.09538469784694
 TR02,6.262233178975986,14.461229343508297,16.654842779852064,20.46966060073981,13.286516128710618,82.70366076980046,3.0985306572919185,3.628785133132061,7.845650962377214,16.15688327744705,3.7987344696758596,14.78329549288143,10.73853645984264,16.295277779334963,5.345589566218658,11.383823273480719,6.493491678818889,6.417413468257751,45.3180627176845,2.4276897295535504,2.6673392784509664,3.076061045597131,3.3061442819728972,10.004449665471544,1.065288616171707,0.0,1.0470142765522232,1.1295815991947058,4.028650745126664,3.886235003610011,2.512348596745421,2.7905875324308895,3.0673526943643363,9.911818473606296,56.484221923953115,10.872779293719692,244.94456713613292,6.396858511421904,47.18013026692664,26.78746660843737,12.45891453699578,5.792404584303416,11.21559794687919,12.282970021701079,20.607158560716616,9.361374397372117
 TR03,5.9020293000231625,11.485311525769415,105.8539105402534,7.153224414804086,5.9686737963960965,13.890375270193276,2.671112039424718,3.034373267029263,5.159857609164844,8.048320910216034,3.6352982072921995,8.716536767409314,15.452373042366322,16.32543920097059,4.356796787846067,201.86313958771683,11.460068029028756,12.431302063657961,10.30709141613411,2.5041162655914353,2.8517330798974725,3.428344073442743,3.551657473901483,13.573354490225638,1.181654678478603,1.0470142765522232,0.0,1.0469710474085945,3.487297051309648,3.4524149576411567,2.366312360455365,2.5028809266901604,2.7732616271672748,15.374924887710606,45.81600812742535,10.806068865157307,53.146400265376954,10.227554746029018,128.9282693485172,169.09863603214347,13.720828189258159,4.968797940290672,15.590889225672505,9.958728998126473,26.467878034044798,13.129572645706423
 TR04,7.0942264830677635,7.980015871422012,98.69326749579518,5.242367096857111,5.193075734783371,8.006529747494099,3.0418562666657625,2.993906630412536,4.808236455105259,8.584439838313731,4.385728273484119,6.739469705364014,15.73938337563643,6.997646951792532,4.314555652733397,142.36381943493475,11.225452807810981,12.245180539489327,14.054989552701032,3.2895150784889693,3.644309139565926,5.038583383833198,4.496943954668819,18.145378120734563,1.278262406147638,1.1295815991947058,1.0469710474085945,0.0,3.607356373409852,3.352985247118742,2.51865989525125,2.4896264161209087,2.798887450859988,48.313472562688936,17.15914498356464,5.853508140374727,16.951531807983404,20.386799373147984,2169.066278375638,9.874983201101355,9.804092336228786,4.478774431521075,235.88680526873526,12.023881986208831,18.28201311078531,35.26875504204634
 TR05,3.6789505459083305,4.035309352358391,9.91801534316892,33.68545243014689,53.21259395423763,35.36673541337217,35.4031129605692,6.055663125128142,6.6266339577334765,10.114035214213915,5.896605246574405,5.770220969941481,2.2086713977260066,2.702238892805738,1.8944449155463148,1.6702837443331653,1.9163226138379374,1.7831390166544334,1.6714669231300154,10.057276774945093,74.92601220167721,57.698974307109275,13.84644594764199,2.9352931683926187,3.096636928014889,4.028650745126664,3.487297051309648,3.607356373409852,0.0,1.0671247226062384,1.16292346675456,1.2439994098252745,1.4571959352214752,1.4247649750824256,11.826780055782223,6.460706722035458,14.564907828956432,9.811203661474279,9.62982029086882,32.583051753195775,23.500731628447227,3.8969450792748104,9.051824069488605,4.930461342057996,6.922152600197497,5.760621780821479
 TR06,3.4738723928539184,3.9432096379831,7.564722977946748,16.0482663399479,49.96730441216017,34.0203541137603,12.021426825454999,4.999311495910202,6.269399451389263,7.776980815172268,5.337284096551515,4.621735274754281,2.0135878299532277,2.397558554918701,1.845916138616141,1.6239958159639583,1.9016733426170986,1.7553851334084216,1.6549358312489821,11.240500947108739,36.288585241979675,27.21927747178014,14.565320405530938,2.4559080617446867,2.8586248219496455,3.886235003610011,3.4524149576411567,3.352985247118742,1.0671247226062384,0.0,1.075016592301767,1.158106872096554,1.358692089036575,1.3309625209440654,156.4291624247822,7.05081034116154,17.237394280136975,17.245130341756028,7.28712745587294,13.953532697758186,20.19910505168895,3.401923808057725,8.403035581565954,5.410936028472711,6.451463825090892,4.992310802722861
 TR07,5.889628529249454,5.6047642271610885,6.290536103660504,10.868782551699953,104.8806861850741,23.06505021717789,164.89116726669764,6.777095177520769,5.79829270963521,5.890798342917462,12.062142179301901,3.8615636327511873,1.9316627790044407,3.6483452347279304,2.034040275280729,1.9452254236593503,2.2901457162497785,2.1511617012598165,1.8459925827885124,3.922854223758783,8.019197593121246,7.405336910538005,5.0347718675176205,4.2552934596911385,2.1240691878911155,2.512348596745421,2.366312360455365,2.51865989525125,1.16292346675456,1.075016592301767,0.0,1.0779057908427716,1.2263380958810552,1.491049716959539,32.24223875978372,8.525027122012885,34.85262146738225,14.468311695809133,10.297027106003542,15.563630630603217,14.722633314558509,3.347044679487778,18.10381150375714,5.514190915440758,5.658550642843172,4.181575612740633
 TR08,4.336663884202355,4.287932915010419,5.630684333535432,24.475740556552765,51.15220230367308,47.83423668595417,20.69875036014107,9.55800643205091,5.2924171903406005,5.061132683507354,25.745739357202904,4.487575537940464,1.8281441038506345,3.504321999394911,2.0098490223897905,1.9892381471956424,2.553625433864779,2.225997801703168,1.8648476075662586,3.885135046422454,6.761740147851343,7.271309083454278,4.520600361893638,3.4662450476707947,2.3328780927892674,2.7905875324308895,2.5028809266901604,2.4896264161209087,1.2439994098252745,1.158106872096554,1.0779057908427716,0.0,1.0773772418876821,1.421890063518373,10.486079252058992,11.42802045180451,30.768034497196837,17.79748545511918,6.881537543486606,779.9188336366317,7.498152346269075,3.040967926306101,5.506389814918592,5.305463551803172,7.120607013134326,5.967490915044475
 TR09,4.860716831975263,6.023373199599579,6.384344058488344,32.91841899010882,16.70833727962524,200.12507797738908,8.695709265436212,18.208820844151,4.356539827101264,4.517984127094282,63.012069893416516,5.499147158782091,1.8472549744586917,5.942992513194409,2.277994612257134,2.7397274330906893,3.8191684998934434,3.151827689479964,2.31105714339067,2.713877434831788,3.631404200189779,3.826306114885349,2.8941446196466885,3.8910349547531635,2.637792368870986,3.0673526943643363,2.7732616271672748,2.798887450859988,1.4571959352214752,1.358692089036575,1.2263380958810552,1.0773772418876821,0.0,1.5203950526474437,5.301911589886039,39.29393966003603,23.563501780122603,10.245902185659451,12.358729035771843,19.01630213425603,9.10200528576238,3.660311609527005,7.244533249737957,8.658328307345238,10.111809129343047,14.098128055478998
 TR10,2.937450420140636,3.4429738245407226,6.169278579188422,22.100284063890296,45.32209194642186,11.847601208516002,8.800650612988981,6.32669002860035,7.893428699259187,5.397477064103441,5.3036177243576885,11.700366344577473,2.5328740210423826,2.668454655009814,1.855790389705025,1.476152247393499,1.6328989749062643,1.4658010404171204,1.53894810040181,115.20016742517889,9.107431678408867,7.314614377004812,248.47511389629264,2.180736095763662,44.64158704957409,9.911818473606296,15.374924887710606,48.313472562688936,1.4247649750824256,1.3309625209440654,1.491049716959539,1.421890063518373,1.5203950526474437,0.0,16.017400973877177,45.53046627321631,12.934458597413292,22.402271908655507,5.869848256183184,6.701379439626416,35.17475339945111,6.278244022030932,4.986235752715444,7.596443594750133,4.620589136596384,6.056918070454106
 TBPR1,22.941226719648284,10.248084434042235,9.227431283721428,5.071961433315253,6.710473293768594,5.076466938042684,34.80139090764197,111.31361570034446,15.79341708483139,26.88910208484869,94.05172018862984,5.765141253761215,4.282185906346175,23.072537204334203,27.55494513114878,54.46899777403829,22.153856196855084,252.3607723140763,64.5530013545907,6.223290490666117,6.534223300686977,5.715650253653833,7.027115246315307,4.148310586412939,73.85054936971997,56.484221923953115,45.81600812742535,17.15914498356464,11.826780055782223,156.4291624247822,32.24223875978372,10.486079252058992,5.301911589886039,16.017400973877177,0.0,24.262623153636316,2392.3472839837896,4.816984189954426,8.595320255045687,26.03948409081795,4.359141644846103,4.344019123010302,3.828764012371945,473.207441488809,16.08139929296838,7.645730950688837
 TBPR2,7.967447216782224,8.80254163581671,9.272509967278221,312.7792092641582,19.113182288517393,43.8383108105045,72.2454951197882,6.852818573551439,21.894122271395325,18.12172677311686,6.510979670503818,4.63009514072412,5.356947341036401,6.960013767368744,61.00870419462865,94.10098216227972,22.680042967458075,13.0901391603126,10.936693345529708,8.970006168151942,12.328872308366469,14.387481268310795,329.28399303126474,4.055662919055454,6.569339166425144,10.872779293719692,10.806068865157307,5.853508140374727,6.460706722035458,7.05081034116154,8.525027122012885,11.42802045180451,39.29393966003603,45.53046627321631,24.262623153636316,0.0,2.0757973536843295,10.46668087550455,10.862039288483782,12.627407806812005,12.622978287579537,24.21690307622587,13.18203527378419,8.458859516583477,3.7778214684095546,5.993540159899526
 TBPR3,14.150069125550937,9.105962760410913,96.03607780750491,16.409253916912064,17.432376939669307,61.997984881911314,36.446513441075304,8.558298608156806,8.662358416682178,1845.1943288647458,43.80885864495718,7.400357899443625,3.711940931397637,4.5244883960330595,14.126267313014727,12.185757443961919,10.743116565984918,28.048470459783758,33.813365131698234,9.616183380252297,8.526258424690347,9.685178930622444,12.830984449388948,5.242401489277144,25.97698017827173,244.94456713613292,53.146400265376954,16.951531807983404,14.564907828956432,17.237394280136975,34.85262146738225,30.768034497196837,23.563501780122603,12.934458597413292,2392.3472839837896,2.0757973536843295,0.0,2.709218062537418,14.00251531355524,10.005588799882533,26.33110716596001,54.52884379990634,9.00465609992966,9.664795630000118,13.471001878269588,7.027309608204224
 TBPR4,21.914666340107328,46.119355724160705,186.22217399811908,9.636893329202989,19.594513571365304,15.818598143094482,4.663042774247496,23.333473586227004,27.3916511399618,35.64203443837033,9.168763993061699,8.77533353826325,9.665455831064323,4.322444835012796,26.184705172010283,4.973065402870023,5.7847594009820025,5.11623840230548,5.588558461192041,20.71340714995342,18.67349632828758,21.8283709705557,21.80549266121233,5.215125119204441,6.165888942835234,6.396858511421904,10.227554746029018,20.386799373147984,9.811203661474279,17.245130341756028,14.468311695809133,17.79748545511918,10.245902185659451,22.402271908655507,4.816984189954426,10.46668087550455,2.709218062537418,0.0,3.2657718369970326,2.118926111579798,20.984617389321215,45.73207012774128,8.83895685462108,5.496052052352783,6.631604931761682,4.013989236858236
 TBAR3,4.344573335356886,5.595046868168765,7.448218122081398,6.287998479423892,6.494092765147225,3466.3436484744284,2.7126323658203897,3.7100278280193577,2.9672416250194718,2.8736465010432184,4.329072778999933,3.568052682165212,3.6789765430443313,2.553242224255446,4.570468063314623,4.408008456715542,22.732898439540964,7.845321083262877,4.024730116843015,14.844117705835062,7.251821730374577,10.392212416432983,7.2043620709770755,3.4745005867777135,10.409397091830476,47.18013026692664,128.9282693485172,2169.066278375638,9.62982029086882,7.28712745587294,10.297027106003542,6.881537543486606,12.358729035771843,5.869848256183184,8.595320255045687,10.862039288483782,14.00251531355524,3.2657718369970326,0.0,1.8256486981147735,62.751562783382845,9.8738604803875,4.500284670889875,3.0394157399720245,3.554408530180948,2.753414477460814
 TBAR4,7.2695000090825035,5.820556275914239,10.722236424576755,6.34926596010617,46.71263912672704,5.780833575182808,5.3807832390844785,9.23858930064401,29.707941948734526,14.163822143196509,10.800662219463973,7.9981431726257375,36.659684912788094,1.8240784974336302,3.2736480054209287,2.7051376471086304,4.773840831863079,3.8181924824513818,3.998006580736533,4.438665782651652,5.671067566270285,3.7605403581062595,6.552152081064693,2.025489263940007,44.8813193805584,26.78746660843737,169.09863603214347,9.874983201101355,32.583051753195775,13.953532697758186,15.563630630603217,779.9188336366317,19.01630213425603,6.701379439626416,26.03948409081795,12.627407806812005,10.005588799882533,2.118926111579798,1.8256486981147735,0.0,10.855482232500533,7.697199103715464,4.22727714036891,5.305866232072418,5.5469656480688245,3.703930888906781
 TLR01,7.9384605647449,8.99400630359161,11.268764476887121,36.37234607754638,23.30622038605217,7.472355685773509,27.12075502457181,9.029260693626993,11.881023434095534,574.96546429828,11.444796040352857,7.977794676181834,10.134027195379561,41.39000856842348,14.493577290322087,24.742160744730064,37.75755685564299,75.63582113321992,42.91081851610942,9.194263850362644,8.59117449075692,9.359553512769628,7.614456764855895,4.412563428488082,8.388616648155653,12.45891453699578,13.720828189258159,9.804092336228786,23.500731628447227,20.19910505168895,14.722633314558509,7.498152346269075,9.10200528576238,35.17475339945111,4.359141644846103,12.622978287579537,26.33110716596001,20.984617389321215,62.751562783382845,10.855482232500533,0.0,2.13190297996776,3.8019271971651616,35.08762346444167,10.185862099339285,11.95995444253129
 TLR02,33.48650746504616,11.520535969548499,21.121802006075377,12.083994215203703,29.665370516792557,5.351852281008022,200.40181670303687,7.6525807023395815,7.406141483759528,6.726559037936335,5051.730797198892,5.8545687207479125,3.7606010745051734,5.070321776780849,4.392710237657414,4.866001198458263,7.974568225645776,6.057705032323726,4.596293627112085,7.733407416616051,10.051477303968037,13.583348712034997,7.5230376195626105,6.0992717824269285,4.804064909454613,5.792404584303416,4.968797940290672,4.478774431521075,3.8969450792748104,3.401923808057725,3.347044679487778,3.040967926306101,3.660311609527005,6.278244022030932,4.344019123010302,24.21690307622587,54.52884379990634,45.73207012774128,9.8738604803875,7.697199103715464,2.13190297996776,0.0,1.9554988010929455,2.408898509309011,2.8772238461536292,2.7185044024139104
 TLR03,4.914114625851034,5.155687704030788,11.41371671826713,22.55230486412835,5.7490921190622695,4.657031325898618,6.177076549538759,9.048745872220165,10.953398098193313,6.629576926731115,6.66561696588743,32.152339254165945,9.089425317565727,4.706577234353837,4.78368455920893,3.6195978807541325,7.804672354085032,4.759986477514318,4.360779290846504,34.036569361557085,1305.570716918705,16.764338390257908,25.48443921445733,3.1215493453122107,18.678071105147353,11.21559794687919,15.590889225672505,235.88680526873526,9.051824069488605,8.403035581565954,18.10381150375714,5.506389814918592,7.244533249737957,4.986235752715444,3.828764012371945,13.18203527378419,9.00465609992966,8.83895685462108,4.500284670889875,4.22727714036891,3.8019271971651616,1.9554988010929455,0.0,1.9834119818632168,3.4494146206016767,6.6135206724183755
 TLR04,8.783659822707412,7.133094585919646,5.111518861601519,7.842297502603139,10.919763772514882,5.260629231844706,8.983336915322079,9.64941920201332,103.1766173932302,17.93169701209496,8.676121817035698,10.75447913913026,8.956594519393354,5.816845251582537,4.7475692937970155,4.508845876221148,13.257583873796419,6.74129149311672,3.471419510331427,7.275902451200958,8.530795444407508,10.546281990253219,7.310391357955257,7.012025052381036,13.066107752168882,12.282970021701079,9.958728998126473,12.023881986208831,4.930461342057996,5.410936028472711,5.514190915440758,5.305463551803172,8.658328307345238,7.596443594750133,473.207441488809,8.458859516583477,9.664795630000118,5.496052052352783,3.0394157399720245,5.305866232072418,35.08762346444167,2.408898509309011,1.9834119818632168,0.0,1.4257496201381579,1.5948083669269968
 TLR05,6.999299079456829,6.599612630057355,6.705260780213923,13.982985929091427,46.89764571802317,18.612542319147753,26.79155674575075,7.844217188809163,14.186830223376209,6.967414283812622,6.5569505165654896,8.613630131351359,4.796789898222793,6.551583280982034,4.73210500259659,4.8947759895983,9.354144921316392,5.732621767655776,3.422805615022006,6.0937596270939265,6.7159275408178996,7.585067743418539,4.386578105795237,3.969204405756174,16.49821697952769,20.607158560716616,26.467878034044798,18.28201311078531,6.922152600197497,6.451463825090892,5.658550642843172,7.120607013134326,10.111809129343047,4.620589136596384,16.08139929296838,3.7778214684095546,13.471001878269588,6.631604931761682,3.554408530180948,5.5469656480688245,10.185862099339285,2.8772238461536292,3.4494146206016767,1.4257496201381579,0.0,1.2631367283568837
 TLR06,7.4310239840189185,22.28524272039204,4.916890044178974,5.09563388743807,10.199352580255901,9.471244771334677,9.952517861124322,5.678070810852758,11.113001233853572,8.813514051652223,10.855887006654186,4.19201623131489,3.541152111594265,3.685754193752641,4.678708353915464,4.1304104859979685,6.77161973781279,4.26314774446246,3.1507165604596494,8.903025986404264,19.102878160905014,17.37231841912718,9.613115001471499,9.224671339917712,6.09538469784694,9.361374397372117,13.129572645706423,35.26875504204634,5.760621780821479,4.992310802722861,4.181575612740633,5.967490915044475,14.098128055478998,6.056918070454106,7.645730950688837,5.993540159899526,7.027309608204224,4.013989236858236,2.753414477460814,3.703930888906781,11.95995444253129,2.7185044024139104,6.6135206724183755,1.5948083669269968,1.2631367283568837,0.0
