, TLL06, TLL05, TLL04, TLL03, TLL02, TLL01, TBAL4, TBAL3, TBAL2, TBAL1, TBPL4, TBPL3, TBPL2, TBPL1, TL10, TL09, TL08, TL07, TL06, TL05, TL04, TL03, TL02, TL01, TR01, TR02, TR03, TR04, TR05, TR06, TR07, TR08, TR09, TR10, TBPR1, TBPR2, TBPR3, TBPR4, TBAR3, TBAR4, TLR01, TLR02, TLR03, TLR04, TLR05, TLR06
 TLL06,0.0,1.3274617913869275,1.3501840983200046,1.5083414708346667,1.6079637094242833,1.3956112896049706,3.73652916692476,2.2405557158317233,22.026750451565775,8.746291328449729,3.218150676543379,3.4563140342972103,4.379636315378933,10.512313350432116,4.10094620871653,3.774750347811244,4.015735123190558,5.279699456233865,6.572128799566046,4.931697734810968,4.9398707871200775,3.8317207421113504,5.163778194087786,28.26619816839358,1.7519908669584257,1.7723090273696813,1.701377198495926,1.6813220820762287,3.855291749137058,5.393696937507659,3.2510283125609276,2.851423422814287,2.528124618053413,3.6986929919721043,4.23864019033468,14.874928038771191,2.366390992905858,1.6568709757232283,2.6933499708287987,3.2497234821405665,48.705228464611444,51.18871435023746,419.2264263245527,12.368355410948894,9.893366621984454,8.60684450763397
 TLL05,1.3274617913869275,0.0,1.1787935404593655,1.5440048931600996,2.054173305737687,2.168186448406305,3.320647614535198,2.9909115590508297,7.998914847465308,13.76614542990148,2.633607078752785,10.444879069585548,22.698109320984585,7.137333593316555,21.445757614431614,33.29750191252716,34.24369483988812,20.0232024116815,11.302479051024612,6.05017208855604,15.691392132173346,5.502712489922844,12.442056558923182,3.5101788046172704,1.4358821877438288,1.469794768693577,1.4774131661036023,1.522586375754878,2.2815001210639676,2.6825401193198233,2.3234585887746535,2.279048887538634,2.2128604042088047,2.7619105194713915,3.8522855700000083,11.06752031180833,1.7382401321116014,1.4379091365407222,2.951610307170805,3.8073114691768004,7.168574799726556,5.230082107137459,7.50125857033104,27.356208094132466,25.880438239528537,7.536385340734917
 TLL04,1.3501840983200046,1.1787935404593655,0.0,1.250171036655874,1.4789870025916576,1.588412749164898,3.4613965400991464,3.154264516005662,5.385948116962006,7.534508670703663,3.748455365652061,154.54974909537242,7.334242813257195,4.713828090649701,9.882747891763982,12.013769504435157,8.595669484486764,8.256832280313574,5.802204735701023,6.461708325180583,26.1250831137442,6.275615472188225,18.412082509741353,3.4098191593978213,1.2605409715137077,1.3066298232969804,1.3065471309456091,1.329171150433235,2.415938122488349,3.024700053173568,2.30516609724151,2.1278905924576863,1.9867774832133933,2.4842973595006965,2.991373186915406,10.897342837435222,1.5063464753973392,1.2577710213575888,2.5018745815916152,6.565359135473285,69.20281678554572,7.351788632858288,6.998506000713399,5.664706529416327,5.037422880739163,3.421619617218775
 TLL03,1.5083414708346667,1.5440048931600996,1.250171036655874,0.0,1.1685835124458432,1.476556381580783,16.524469637641904,4.607128857896419,250.87544609305417,185.99018949173274,9.267181755754086,12.968868499212844,21.075897804987786,20.445673080410796,20.352968299018496,82.92173477307664,17.41299790070247,12.846974388952843,98.37683693147396,7.061271412845713,7.5963626040317,8.525296923118267,6.64838154544944,23.75174148369438,2.401317599369412,2.5307125697543236,2.4180745613949424,2.428013671305953,18.72001186306665,10.581152789276185,77.1866848195628,29.373674822538714,12.743580008051293,2621.646850673618,9.915737662909518,57.80984550299885,2.0285766742240954,2.2242942624272843,2.5315742991761936,599.7374043644706,23.668567285031127,20.270950555380864,18.86657234096181,9.957582614039792,6.354307041336792,3.545119482686032
 TLL02,1.6079637094242833,2.054173305737687,1.4789870025916576,1.1685835124458432,0.0,1.1559217472098062,8.226276593863897,6.849070081723414,28.646843325140406,35.60750273662405,19.706484760908896,16.32477097546727,9.373041756424557,7.236595458859887,9.886460757038945,31.93091906754815,11.716796851164505,8.648517752883361,10.980516923709393,17.91700096409374,37.449649510824784,22.55082327210219,15.007888492359106,9.314275239312499,3.4642872940812364,3.533111173607101,3.0677005013424257,2.939190547759409,110.31923073696733,26.810210342542835,31.129038283659593,21.18132420688335,12.280869694887325,40.80901017556002,75.21224641955855,11.963951766118303,3.0068011380318045,2.674389154340577,3.3048127336529145,22.12308570328224,11.165106651936307,8.557134309789332,101.16370651332353,22.245973762481754,7.625141018038369,3.468316962123405
 TLL01,1.3956112896049706,2.168186448406305,1.588412749164898,1.476556381580783,1.1559217472098062,0.0,4.220310766968362,3.603111803698896,178.15931352409697,10.907876667594751,5.3874941049147775,5.7916550436985546,5.495602403769796,6.5347000252062415,6.815563649883621,11.230589791909587,6.168742998046094,6.1344170914305085,7.92084907259526,39.29749476190471,267.9332255562722,71.51894711223696,44.5625532158429,12.333782021942529,2.7355338159814724,2.69088406705256,2.438122218676714,2.3452939057419244,8.071004969456864,14.116269255075098,6.005423307740919,5.145829273815417,4.160199342543291,10.27971839182818,6.556893407896865,15.945173197314205,3.0723861039973674,2.0795539367989004,2.593865842557396,4.684504744656947,56.62748657642003,46.72212234382354,37.04714860459487,33.120162922034595,11.923076210805919,6.128846668920833
 TBAL4,3.73652916692476,3.320647614535198,3.4613965400991464,16.524469637641904,8.226276593863897,4.220310766968362,0.0,1.434404073836892,5.132038560474027,5.489158445858665,1.565279946195578,11.222864906611457,36.2529824770805,17.436318068999054,24.742112120593916,71.15828189909477,20.188924387791012,13.515622556897634,14.042272432580132,4.460915656877818,3.023099889408899,7.681605646218527,3.067693455808279,2.558851703938854,3.281743251004325,3.594156685371142,3.600160195355147,3.912934107577722,2.6830257255344243,3.1996629272558814,3.0394976539619316,3.507515243168158,3.6601161033433067,3.961623991420705,2.413268016483732,5.014657589060204,27.727768357981013,2.9058340212901643,158.34236142865552,139.8108561890156,81.03002602653984,2118.312712918159,8.687355201475055,12.606354790062868,24.8167683036891,85.96019834502863
 TBAL3,2.2405557158317233,2.9909115590508297,3.154264516005662,4.607128857896419,6.849070081723414,3.603111803698896,1.434404073836892,0.0,3.880018288759874,8.11887450430686,1.5941673558546725,2.277261621181637,3.380413462811512,8.896852345138269,6.91445218884764,7.447464136337372,5.009013316343674,9.58632342664198,19.866040937403667,9.76894668812032,17.874301412012205,4.997529554372957,11.691368479115422,5.585901727287954,3.870745492673986,4.472849384970989,4.472681741236809,4.633535871330158,9.985923338978766,85.95377460016884,12.280112124783917,10.205964198729795,8.055016324472465,18.05505509218962,5.717519434921389,15.280233882663051,115.8724315664061,3.9681105180225753,5.713441756250015,8.155750335899693,34.43039024065218,8.30361613049656,5.004463626264351,37.8154550645082,23.208724280802493,8.37246601814859
 TBAL2,22.026750451565775,7.998914847465308,5.385948116962006,250.87544609305417,28.646843325140406,178.15931352409697,5.132038560474027,3.880018288759874,0.0,1.227721746864986,39.456553223466486,1.6377463264436147,1.5135292014275827,2.988641200172482,2.2977310566509717,2.3923862352825074,1.8946666406088148,2.9287201322796843,4.049103372215299,2.473845742578639,1.6313288184946495,1.7171731358590783,1.510885527263997,2.285138785276704,5.829231708508942,5.933717709868431,5.924671806946761,5.980342508104304,2.9427643111631014,2.6563806066908326,2.8878489054894403,3.4467593138351,3.9132698240704262,3.913012219295277,3.4678701190037597,3.663237946492545,52.35890269464,3.970235730108235,26.24208277985897,9.185528825331856,5.481823173004966,3.2427827723415934,3.2078510449251194,9.305605496063626,6.90564333101449,3.899105452835932
 TBAL1,8.746291328449729,13.76614542990148,7.534508670703663,185.99018949173274,35.60750273662405,10.907876667594751,5.489158445858665,8.11887450430686,1.227721746864986,0.0,17.083176850229435,1.6728772253673208,1.3334201120741025,2.412025916437877,1.597670551144515,1.6969495191168524,1.4301641512338996,2.0803156695870353,2.708004971393046,2.337743229917712,1.5143009587711436,1.5353993004474817,1.5944586087843389,1.934958682678141,16.21218301108036,47.046222970750556,560.0949975601463,79.57850322460233,4.635442092433887,3.7624806331842637,5.128806720211435,9.217804393407143,15.47134518371302,9.926965178212868,7.153118815264239,4.919752943913102,10.727190622691023,9.73974956463715,8.403850616571878,6.983806665595461,12.801533274185402,4.097195822794332,3.1099414520620092,3.84331702787346,3.1530903998824034,2.57882656075055
 TBPL4,3.218150676543379,2.633607078752785,3.748455365652061,9.267181755754086,19.706484760908896,5.3874941049147775,1.565279946195578,1.5941673558546725,39.456553223466486,17.083176850229435,0.0,1.9618752463089197,3.406493496441859,6.346503424883703,31.974419938599905,10.139029827101037,5.977525604853537,8.294034179295393,16.37947402034095,21.231272641070674,17.444770654508325,14.707812224132775,123.76335048010519,6.374049718376666,4.159996208424656,3.974704209906515,3.8644102823794886,4.340595116115437,4.628606160070317,5.550911263338887,4.496248527867545,5.246293106740904,5.9073157209165466,8.659467224606638,9.796884766583442,11.856834098562684,12.31718184639585,3.8130371014276996,4.081415453078561,2.865505699123394,2.7554029293640463,4.241242179879912,13.161790773805489,2.915010971071697,3.3927824626573804,2.6972524339283783
 TBPL3,3.4563140342972103,10.444879069585548,154.54974909537242,12.968868499212844,16.32477097546727,5.7916550436985546,11.222864906611457,2.277261621181637,1.6377463264436147,1.6728772253673208,1.9618752463089197,0.0,1.2837859827712312,2.258856087373575,2.4052530987323406,2.4586422810915693,1.7610216964982415,2.4487539780641763,3.0243277622531943,3.9231685281258692,2.2609179122527374,2.120026881233236,1.9816175059308734,2.6689617088628315,64.575326339563,356.2643972682739,33.96564557310566,24.24082363023704,4.8503593757495205,3.8663454083319366,6.0844052520158485,9.342841649244413,13.891752338459748,7.056030068577731,7.46427455350174,11.91341518774561,22.37513150787587,18.672582603801605,3.5429448064635274,2.883654839068009,87.83052848289091,6.6749955306345985,4.331159310539392,4.783486727077595,3.7343843933820504,2.395100460961387
 TBPL2,4.379636315378933,22.698109320984585,7.334242813257195,21.075897804987786,9.373041756424557,5.495602403769796,36.2529824770805,3.380413462811512,1.5135292014275827,1.3334201120741025,3.406493496441859,1.2837859827712312,0.0,1.258553792213648,1.4783235744625431,1.6965114553903295,1.2144393616191074,1.4389793191101994,1.705950120589361,7.181590134980353,2.4417485286203338,2.8079786717773385,2.3607860628538564,1.476122677860331,4.654747734872854,6.352223752245091,10.703814878935367,17.501923645456838,2.9233161308177396,2.7833695657573427,4.196161322007727,6.331164613157688,8.280600183364509,5.504498612573734,5.540172228906133,38.40359018207798,7.046097637992054,5.344683009284118,6.842292763890823,5.286323997857849,58.056527600281655,6.122411526269601,4.50391284911766,5.503905633383035,4.270817635134101,2.575983025520502
 TBPL1,10.512313350432116,7.137333593316555,4.713828090649701,20.445673080410796,7.236595458859887,6.5347000252062415,17.436318068999054,8.896852345138269,2.988641200172482,2.412025916437877,6.346503424883703,2.258856087373575,1.258553792213648,0.0,1.6600216824247205,2.143700164680268,1.3198352932023572,1.2525867534704225,1.3361253798913244,5.152292946364147,18.306409784819813,7.953705284731697,18.582830017337326,1.3305281487701215,2.4263563209274244,2.8946391723358555,3.77621465525468,4.695535275387724,2.2388627030603487,2.519969980097293,3.645841617734365,4.699801742194939,5.308698904134166,4.33914750376574,4.8719643171069755,4.76928251681584,3.037094418064769,2.977485662262954,9.864971286567442,74.72425868401474,13.316983293071019,26.009527542851067,34.200602515559936,11.903247670545694,26.36536271084533,5.509309840753248
 TL10,4.10094620871653,21.445757614431614,9.882747891763982,20.352968299018496,9.886460757038945,6.815563649883621,24.742112120593916,6.91445218884764,2.2977310566509717,1.597670551144515,31.974419938599905,2.4052530987323406,1.4783235744625431,1.6600216824247205,0.0,1.1256627123937042,1.1580774157659772,1.3900850100140654,1.3887166766057788,8.234331779935042,2.500845423165278,3.278376396797736,2.933172887703822,1.6743352838911767,8.742062017610841,17.363331639111873,212.67238336588917,21.607158440371173,5.0974450986630035,4.995705424487588,13.356542730212517,80.69688425757303,19.4869281587031,40.35329509495648,35.02415793039244,25.672090870018202,10.510748739737709,8.193644504025668,19.956146393962932,200.1765557934469,14.094336409171513,6.775098549069717,5.26851817565553,15.302579922710905,7.104907543940928,3.939673957439208
 TL09,3.774750347811244,33.29750191252716,12.013769504435157,82.92173477307664,31.93091906754815,11.230589791909587,71.15828189909477,7.447464136337372,2.3923862352825074,1.6969495191168524,10.139029827101037,2.4586422810915693,1.6965114553903295,2.143700164680268,1.1256627123937042,0.0,1.223011839154871,1.6180224900383606,1.692308584428677,4.667667975453444,2.173421897150184,2.3594930687316653,2.3832883168943337,2.2243313806956926,20.71586343909445,512.464434484994,24.815468851914382,16.481451385085016,10.168435546234306,7.340062904793342,15.996776834015327,1278.3571561134315,30.71111652699442,84.34184518429633,512.3978696504503,10.971883544852025,78.70565105032502,26.8891719971465,22.281600251273012,7.983364796977006,24.800029391216043,6.4897779898572585,4.380631687298775,5.24196984505567,3.6035962668270787,2.7927442981135004
 TL08,4.015735123190558,34.24369483988812,8.595669484486764,17.41299790070247,11.716796851164505,6.168742998046094,20.188924387791012,5.009013316343674,1.8946666406088148,1.4301641512338996,5.977525604853537,1.7610216964982415,1.2144393616191074,1.3198352932023572,1.1580774157659772,1.223011839154871,0.0,1.1214419833109048,1.2779493417363097,5.217505010920405,2.1444210000718593,2.8244800792340925,2.3320181539064695,1.5310183528120274,6.899189417685863,12.714559727592075,58.18761401519422,50.3454705396298,3.7332517952555393,3.554726669557631,6.850479641031051,22.763191351131994,289.42469293166744,31.85064238550147,12.986535101594415,1668.9743315422113,9.938450397763335,7.232488465859616,11.062845091451454,13.46193872316884,22.735285205562217,6.553550230629865,4.8469601465519165,7.36838542069976,5.834846482428969,3.2610218201231853
 TL07,5.279699456233865,20.0232024116815,8.256832280313574,12.846974388952843,8.648517752883361,6.1344170914305085,13.515622556897634,9.58632342664198,2.9287201322796843,2.0803156695870353,8.294034179295393,2.4487539780641763,1.4389793191101994,1.2525867534704225,1.3900850100140654,1.6180224900383606,1.1214419833109048,0.0,1.0986448630989913,18.33947970829038,3.44174156985814,10.438096363852681,4.129854223938336,1.516767430264519,4.232194079919923,5.9465006241333205,10.522535544291003,19.803289223854414,3.2167735138699394,3.634280541611146,7.54265490009347,21.53993031623763,45.28970806762721,21.26484900831246,11.982691060200715,10.380921706769591,5.615813672343205,4.800359044235105,10.845516233956623,26.550013017238058,159.57286926747432,13.916200975813528,9.760773355116958,19.122493724176728,32.017517270326586,8.092911216117953
 TL06,6.572128799566046,11.302479051024612,5.802204735701023,98.37683693147396,10.980516923709393,7.92084907259526,14.042272432580132,19.866040937403667,4.049103372215299,2.708004971393046,16.37947402034095,3.0243277622531943,1.705950120589361,1.3361253798913244,1.3887166766057788,1.692308584428677,1.2779493417363097,1.0986448630989913,0.0,100.65031931231326,4.273192882841217,70.80101677199227,7.79392287276531,1.4446428780253857,2.9760323808542646,3.6278666035381386,4.982160705046026,6.757337728827639,2.969869289128781,3.7540521303945855,7.599468143117649,13.681498855283639,15.096725799483195,12.818307586736687,12.445225943831375,6.393282569046944,3.2937733743189215,3.3774901289864547,470.48702058091527,12.514201869971833,146.9736843268948,14.495096549444822,11.294788744142318,39.92058886445612,439.9918004190616,16.22663549254319
 TL05,4.931697734810968,6.05017208855604,6.461708325180583,7.061271412845713,17.91700096409374,39.29749476190471,4.460915656877818,9.76894668812032,2.473845742578639,2.337743229917712,21.231272641070674,3.9231685281258692,7.181590134980353,5.152292946364147,8.234331779935042,4.667667975453444,5.217505010920405,18.33947970829038,100.65031931231326,0.0,1.1213355300705472,1.1707455522949193,1.2671325658757913,25.225401825651396,3.3629809082117212,3.5982054114108966,4.341348089476527,4.850068898739256,38.68012005564679,17.011419969838176,29.54221765916584,24.216038385207654,15.45542752644706,63.00853566977733,12.100667813505547,3.0992868096407222,2.690423137835654,4.187139853290937,3.2043055842477974,6.042281829595861,5.7144133460829805,4.526052195068136,3.5385707157182384,24.458509923659125,14.5216626110609,8.76863336415424
 TL04,4.9398707871200775,15.691392132173346,26.1250831137442,7.5963626040317,37.449649510824784,267.9332255562722,3.023099889408899,17.874301412012205,1.6313288184946495,1.5143009587711436,17.444770654508325,2.2609179122527374,2.4417485286203338,18.306409784819813,2.500845423165278,2.173421897150184,2.1444210000718593,3.44174156985814,4.273192882841217,1.1213355300705472,0.0,1.0946366126392124,1.0704020852569402,3.200955014840805,6.920776359929091,6.549081789390968,7.65551818939863,8.779600282846266,6.006446806579545,4.213095873446641,5.699974257742644,12.944236984123156,24.084472795621487,11.806463880512222,4.625211807897872,2.8158686876098806,3.116251495441611,14.000791849110591,3.8016174976424857,4.9923096230096915,7.615900025736405,4.210938392009159,3.71478054327886,7.543004128990135,4.908939772347287,4.023782518174747
 TL03,3.8317207421113504,5.502712489922844,6.275615472188225,8.525296923118267,22.55082327210219,71.51894711223696,7.681605646218527,4.997529554372957,1.7171731358590783,1.5353993004474817,14.707812224132775,2.120026881233236,2.8079786717773385,7.953705284731697,3.278376396797736,2.3594930687316653,2.8244800792340925,10.438096363852681,70.80101677199227,1.1707455522949193,1.0946366126392124,0.0,1.1127927896858196,13.902940203731452,2.8190347053913833,2.8810821940323894,3.221507856258116,3.5635524445125424,16.947165877610324,15.268720442807478,38.590936984202465,16.832425105283853,9.827962126989119,21.19414128649595,21.306763934356226,2.6108398860634767,2.351954973575243,3.744934606881435,3.8620635426853878,3.771866325641401,6.131940260426485,4.001374393115563,2.9646018271892625,6.222075830374594,3.7651170195939225,3.1586437911110425
 TL02,5.163778194087786,12.442056558923182,18.412082509741353,6.64838154544944,15.007888492359106,44.5625532158429,3.067693455808279,11.691368479115422,1.510885527263997,1.5944586087843389,123.76335048010519,1.9816175059308734,2.3607860628538564,18.582830017337326,2.933172887703822,2.3832883168943337,2.3320181539064695,4.129854223938336,7.79392287276531,1.2671325658757913,1.0704020852569402,1.1127927896858196,0.0,3.7575626715155557,5.907597369941296,5.883058326697071,7.239159744483946,8.703142424955681,5.492097370670762,3.7953462497404726,4.848309109465836,9.057504916236354,14.981898377942063,8.196673735504243,4.202840396030243,2.655008984575565,2.932457231604421,16.068754217888678,3.4548502394345504,4.171235571273212,8.049212475434476,5.002232924421352,4.6240611145117825,9.18320995579084,5.192688328674419,3.7299976071508665
 TL01,28.26619816839358,3.5101788046172704,3.4098191593978213,23.75174148369438,9.314275239312499,12.333782021942529,2.558851703938854,5.585901727287954,2.285138785276704,1.934958682678141,6.374049718376666,2.6689617088628315,1.476122677860331,1.3305281487701215,1.6743352838911767,2.2243313806956926,1.5310183528120274,1.516767430264519,1.4446428780253857,25.225401825651396,3.200955014840805,13.902940203731452,3.7575626715155557,0.0,2.091181661067881,2.4679000054410394,3.0363304415335715,3.658766552141254,1.704006237999051,1.8742464668779,2.3845921376941366,3.029536684700383,3.365458126513593,2.838483488062811,2.6971414453868414,13.362378211054716,4.229667846788418,2.373607422979159,15.83664263750809,59.405767912995174,46.04596839855893,13.847314963733075,14.064691113129156,13.556026680186912,10.738479138481788,5.545281159864904
 TR01,1.7519908669584257,1.4358821877438288,1.2605409715137077,2.401317599369412,3.4642872940812364,2.7355338159814724,3.281743251004325,3.870745492673986,5.829231708508942,16.21218301108036,4.159996208424656,64.575326339563,4.654747734872854,2.4263563209274244,8.742062017610841,20.71586343909445,6.899189417685863,4.232194079919923,2.9760323808542646,3.3629809082117212,6.920776359929091,2.8190347053913833,5.907597369941296,2.091181661067881,0.0,1.013348345538128,1.041534173114611,1.0753748339082236,1.3397855705891675,1.5572190360217164,1.3824602867499236,1.3208289320072677,1.2862997258511026,1.4823762294546914,1.698783300176238,5.248458517981405,1.3708391680700618,1.1253229122572295,2.935986058814458,3.759965675367875,13.910750067283749,3.9962341862818556,7.062455169270762,12.870948534372088,14.819295490006901,6.992660248315546
 TR02,1.7723090273696813,1.469794768693577,1.3066298232969804,2.5307125697543236,3.533111173607101,2.69088406705256,3.594156685371142,4.472849384970989,5.933717709868431,47.046222970750556,3.974704209906515,356.2643972682739,6.352223752245091,2.8946391723358555,17.363331639111873,512.464434484994,12.714559727592075,5.9465006241333205,3.6278666035381386,3.5982054114108966,6.549081789390968,2.8810821940323894,5.883058326697071,2.4679000054410394,1.013348345538128,0.0,1.0111178783979669,1.0363427966600465,1.3468037376633015,1.5366971853285079,1.320883381597721,1.2434345857694378,1.2141637661278375,1.427778518051686,1.67804025791253,6.0841313421530625,1.3996733759740498,1.157155064406724,2.8502974626048663,3.1221083015393423,6.531954320242407,2.9823992626081552,5.344135573880407,34.11474885926067,360.26350951726056,11.444219626245145
 TR03,1.701377198495926,1.4774131661036023,1.3065471309456091,2.4180745613949424,3.0677005013424257,2.438122218676714,3.600160195355147,4.472681741236809,5.924671806946761,560.0949975601463,3.8644102823794886,33.96564557310566,10.703814878935367,3.77621465525468,212.67238336588917,24.815468851914382,58.18761401519422,10.522535544291003,4.982160705046026,4.341348089476527,7.65551818939863,3.221507856258116,7.239159744483946,3.0363304415335715,1.041534173114611,1.0111178783979669,0.0,1.011426123911803,1.4148467678837495,1.60540966885969,1.313106171853264,1.212273830458767,1.1761819399977593,1.411145649714194,1.6363750931828944,8.367987391125478,1.4756085649596518,1.1835585816427532,2.824493171274316,3.055746463563833,5.743382237726145,2.726143647777608,5.006457006306221,24.046874546815637,116.54645238337983,11.768314407701624
 TR04,1.6813220820762287,1.522586375754878,1.329171150433235,2.428013671305953,2.939190547759409,2.3452939057419244,3.912934107577722,4.633535871330158,5.980342508104304,79.57850322460233,4.340595116115437,24.24082363023704,17.501923645456838,4.695535275387724,21.607158440371173,16.481451385085016,50.3454705396298,19.803289223854414,6.757337728827639,4.850068898739256,8.779600282846266,3.5635524445125424,8.703142424955681,3.658766552141254,1.0753748339082236,1.0363427966600465,1.011426123911803,0.0,1.4897332384041337,1.681817892076237,1.314073244653399,1.1860041298177397,1.1409741390717951,1.3745135209123072,1.5780387608990287,11.547756261122222,1.6028965525354033,1.2079464052469053,2.76073801441084,3.311831351259641,6.558562800813559,2.7368942726512615,5.256831099158853,10.253211214506482,17.94558200368991,9.450582678083578
 TR05,3.855291749137058,2.2815001210639676,2.415938122488349,18.72001186306665,110.31923073696733,8.071004969456864,2.6830257255344243,9.985923338978766,2.9427643111631014,4.635442092433887,4.628606160070317,4.8503593757495205,2.9233161308177396,2.2388627030603487,5.0974450986630035,10.168435546234306,3.7332517952555393,3.2167735138699394,2.969869289128781,38.68012005564679,6.006446806579545,16.947165877610324,5.492097370670762,1.704006237999051,1.3397855705891675,1.3468037376633015,1.4148467678837495,1.4897332384041337,0.0,1.0398024820340195,1.1040785423145971,1.2159514293011022,1.2913831131310378,1.3184882709044052,1.3708741983720154,10.323600245392793,2.329018395704746,1.5151587540172788,14.67161232999154,3.417733865674439,6.2597211525646435,2.7913580891683916,4.633382236081761,25.987743088565196,14.269662498174426,24.40497286689164
 TR06,5.393696937507659,2.6825401193198233,3.024700053173568,10.581152789276185,26.810210342542835,14.116269255075098,3.1996629272558814,85.95377460016884,2.6563806066908326,3.7624806331842637,5.550911263338887,3.8663454083319366,2.7833695657573427,2.519969980097293,4.995705424487588,7.340062904793342,3.554726669557631,3.634280541611146,3.7540521303945855,17.011419969838176,4.213095873446641,15.268720442807478,3.7953462497404726,1.8742464668779,1.5572190360217164,1.5366971853285079,1.60540966885969,1.681817892076237,1.0398024820340195,0.0,1.0719518126727965,1.215110334417717,1.3267039550002382,1.3281164374858883,1.4849793667786095,15.69293027301114,3.0018645487494298,1.8179226152480692,927.8683849775967,4.105019782682963,4.253900682601471,2.2690866334422184,3.3302759718056527,18.95696908691627,13.505255139592924,13.761196523804484
 TR07,3.2510283125609276,2.3234585887746535,2.30516609724151,77.1866848195628,31.129038283659593,6.005423307740919,3.0394976539619316,12.280112124783917,2.8878489054894403,5.128806720211435,4.496248527867545,6.0844052520158485,4.196161322007727,3.645841617734365,13.356542730212517,15.996776834015327,6.850479641031051,7.54265490009347,7.599468143117649,29.54221765916584,5.699974257742644,38.590936984202465,4.848309109465836,2.3845921376941366,1.3824602867499236,1.320883381597721,1.313106171853264,1.314073244653399,1.1040785423145971,1.0719518126727965,0.0,1.0370249832803236,1.0884328395186131,1.139989387488026,1.2748251582218109,57.155172893516536,2.8900519433299046,1.6283841639073016,9.600614957949166,3.761320982646883,4.107470415131003,2.0448813404013433,3.1025083952469745,33.5132221383339,110.32283993144686,12.385957628125457
 TR08,2.851423422814287,2.279048887538634,2.1278905924576863,29.373674822538714,21.18132420688335,5.145829273815417,3.507515243168158,10.205964198729795,3.4467593138351,9.217804393407143,5.246293106740904,9.342841649244413,6.331164613157688,4.699801742194939,80.69688425757303,1278.3571561134315,22.763191351131994,21.53993031623763,13.681498855283639,24.216038385207654,12.944236984123156,16.832425105283853,9.057504916236354,3.029536684700383,1.3208289320072677,1.2434345857694378,1.212273830458767,1.1860041298177397,1.2159514293011022,1.215110334417717,1.0370249832803236,0.0,1.015511833383031,1.090161345780613,1.2317370097131017,31.63581419951768,2.707429394512825,1.5503881320972444,5.738668723745669,4.048779613578762,4.835623575300492,2.0799920499485838,3.4403588720096323,9.998863410908148,15.948065107425146,13.56742223601519
 TR09,2.528124618053413,2.2128604042088047,1.9867774832133933,12.743580008051293,12.280869694887325,4.160199342543291,3.6601161033433067,8.055016324472465,3.9132698240704262,15.47134518371302,5.9073157209165466,13.891752338459748,8.280600183364509,5.308698904134166,19.4869281587031,30.71111652699442,289.42469293166744,45.28970806762721,15.096725799483195,15.45542752644706,24.084472795621487,9.827962126989119,14.981898377942063,3.365458126513593,1.2862997258511026,1.2141637661278375,1.1761819399977593,1.1409741390717951,1.2913831131310378,1.3267039550002382,1.0884328395186131,1.015511833383031,0.0,1.1114416005223722,1.211684769449225,67.06076705926421,2.6201506988593444,1.4841562202475744,4.368642971849254,3.969290030416216,5.798350445673979,2.2668497750300243,4.09373695030107,8.446401148193571,11.289137252478817,14.673913992808275
 TR10,3.6986929919721043,2.7619105194713915,2.4842973595006965,2621.646850673618,40.80901017556002,10.27971839182818,3.961623991420705,18.05505509218962,3.913012219295277,9.926965178212868,8.659467224606638,7.056030068577731,5.504498612573734,4.33914750376574,40.35329509495648,84.34184518429633,31.85064238550147,21.26484900831246,12.818307586736687,63.00853566977733,11.806463880512222,21.19414128649595,8.196673735504243,2.838483488062811,1.4823762294546914,1.427778518051686,1.411145649714194,1.3745135209123072,1.3184882709044052,1.3281164374858883,1.139989387488026,1.090161345780613,1.1114416005223722,0.0,1.3007077665505575,12.637120766179425,3.1976288735048652,1.8596559618743866,145.82076612310155,10.08053587328697,20.151683555951813,3.0141595893737265,4.460914128519463,5.338193077650748,7.990281857076741,8.876034537731606
 TBPR1,4.23864019033468,3.8522855700000083,2.991373186915406,9.915737662909518,75.21224641955855,6.556893407896865,2.413268016483732,5.717519434921389,3.4678701190037597,7.153118815264239,9.796884766583442,7.46427455350174,5.540172228906133,4.8719643171069755,35.02415793039244,512.3978696504503,12.986535101594415,11.982691060200715,12.445225943831375,12.100667813505547,4.625211807897872,21.306763934356226,4.202840396030243,2.6971414453868414,1.698783300176238,1.67804025791253,1.6363750931828944,1.5780387608990287,1.3708741983720154,1.4849793667786095,1.2748251582218109,1.2317370097131017,1.211684769449225,1.3007077665505575,0.0,19.068159786736267,6.334969049161694,1.89173021662964,17.492217726915023,12.865117192978039,11.199001254390794,5.919386650954021,91.3309392039534,5.347458998346538,4.1958804409563895,6.417269321874017
 TBPR2,14.874928038771191,11.06752031180833,10.897342837435222,57.80984550299885,11.963951766118303,15.945173197314205,5.014657589060204,15.280233882663051,3.663237946492545,4.919752943913102,11.856834098562684,11.91341518774561,38.40359018207798,4.76928251681584,25.672090870018202,10.971883544852025,1668.9743315422113,10.380921706769591,6.393282569046944,3.0992868096407222,2.8158686876098806,2.6108398860634767,2.655008984575565,13.362378211054716,5.248458517981405,6.0841313421530625,8.367987391125478,11.547756261122222,10.323600245392793,15.69293027301114,57.155172893516536,31.63581419951768,67.06076705926421,12.637120766179425,19.068159786736267,0.0,1.9246927791780486,5.826033142166628,6.008016229226515,9.294896362872686,5.085104315194365,7.788951353153842,11.587862506241182,7.265883486520339,82.02805949952153,9.42308848654066
 TBPR3,2.366390992905858,1.7382401321116014,1.5063464753973392,2.0285766742240954,3.0068011380318045,3.0723861039973674,27.727768357981013,115.8724315664061,52.35890269464,10.727190622691023,12.31718184639585,22.37513150787587,7.046097637992054,3.037094418064769,10.510748739737709,78.70565105032502,9.938450397763335,5.615813672343205,3.2937733743189215,2.690423137835654,3.116251495441611,2.351954973575243,2.932457231604421,4.229667846788418,1.3708391680700618,1.3996733759740498,1.4756085649596518,1.6028965525354033,2.329018395704746,3.0018645487494298,2.8900519433299046,2.707429394512825,2.6201506988593444,3.1976288735048652,6.334969049161694,1.9246927791780486,0.0,1.3793623030776316,3.180613400711562,4.85308086151473,5.726663335944755,4.85317448575561,5.0271184629944266,15.668665421262814,8.961649051739053,18.020698132446423
 TBPR4,1.6568709757232283,1.4379091365407222,1.2577710213575888,2.2242942624272843,2.674389154340577,2.0795539367989004,2.9058340212901643,3.9681105180225753,3.970235730108235,9.73974956463715,3.8130371014276996,18.672582603801605,5.344683009284118,2.977485662262954,8.193644504025668,26.8891719971465,7.232488465859616,4.800359044235105,3.3774901289864547,4.187139853290937,14.000791849110591,3.744934606881435,16.068754217888678,2.373607422979159,1.1253229122572295,1.157155064406724,1.1835585816427532,1.2079464052469053,1.5151587540172788,1.8179226152480692,1.6283841639073016,1.5503881320972444,1.4841562202475744,1.8596559618743866,1.89173021662964,5.826033142166628,1.3793623030776316,0.0,2.4374766795217355,4.429609727814432,16.78577839688054,5.451744930277463,8.138169326016008,11.728466716524117,9.536362314042803,6.939975410035183
 TBAR3,2.6933499708287987,2.951610307170805,2.5018745815916152,2.5315742991761936,3.3048127336529145,2.593865842557396,158.34236142865552,5.713441756250015,26.24208277985897,8.403850616571878,4.081415453078561,3.5429448064635274,6.842292763890823,9.864971286567442,19.956146393962932,22.281600251273012,11.062845091451454,10.845516233956623,470.48702058091527,3.2043055842477974,3.8016174976424857,3.8620635426853878,3.4548502394345504,15.83664263750809,2.935986058814458,2.8502974626048663,2.824493171274316,2.76073801441084,14.67161232999154,927.8683849775967,9.600614957949166,5.738668723745669,4.368642971849254,145.82076612310155,17.492217726915023,6.008016229226515,3.180613400711562,2.4374766795217355,0.0,2.1390072868819843,3.700483323803726,4.7190186969741275,4.520537907488895,5.868894333638446,8.926309533434196,4.6705529005406525
 TBAR4,3.2497234821405665,3.8073114691768004,6.565359135473285,599.7374043644706,22.12308570328224,4.684504744656947,139.8108561890156,8.155750335899693,9.185528825331856,6.983806665595461,2.865505699123394,2.883654839068009,5.286323997857849,74.72425868401474,200.1765557934469,7.983364796977006,13.46193872316884,26.550013017238058,12.514201869971833,6.042281829595861,4.9923096230096915,3.771866325641401,4.171235571273212,59.405767912995174,3.759965675367875,3.1221083015393423,3.055746463563833,3.311831351259641,3.417733865674439,4.105019782682963,3.761320982646883,4.048779613578762,3.969290030416216,10.08053587328697,12.865117192978039,9.294896362872686,4.85308086151473,4.429609727814432,2.1390072868819843,0.0,1.9641110975957377,2.591818292007424,3.2794510987713386,2.2659867566272522,2.019225785316718,2.070918506406092
 TLR01,48.705228464611444,7.168574799726556,69.20281678554572,23.668567285031127,11.165106651936307,56.62748657642003,81.03002602653984,34.43039024065218,5.481823173004966,12.801533274185402,2.7554029293640463,87.83052848289091,58.056527600281655,13.316983293071019,14.094336409171513,24.800029391216043,22.735285205562217,159.57286926747432,146.9736843268948,5.7144133460829805,7.615900025736405,6.131940260426485,8.049212475434476,46.04596839855893,13.910750067283749,6.531954320242407,5.743382237726145,6.558562800813559,6.2597211525646435,4.253900682601471,4.107470415131003,4.835623575300492,5.798350445673979,20.151683555951813,11.199001254390794,5.085104315194365,5.726663335944755,16.78577839688054,3.700483323803726,1.9641110975957377,0.0,1.2452752431651617,1.528501103176733,1.751529808580838,1.8018217711231446,2.4136722310566587
 TLR02,51.18871435023746,5.230082107137459,7.351788632858288,20.270950555380864,8.557134309789332,46.72212234382354,2118.312712918159,8.30361613049656,3.2427827723415934,4.097195822794332,4.241242179879912,6.6749955306345985,6.122411526269601,26.009527542851067,6.775098549069717,6.4897779898572585,6.553550230629865,13.916200975813528,14.495096549444822,4.526052195068136,4.210938392009159,4.001374393115563,5.002232924421352,13.847314963733075,3.9962341862818556,2.9823992626081552,2.726143647777608,2.7368942726512615,2.7913580891683916,2.2690866334422184,2.0448813404013433,2.0799920499485838,2.2668497750300243,3.0141595893737265,5.919386650954021,7.788951353153842,4.85317448575561,5.451744930277463,4.7190186969741275,2.591818292007424,1.2452752431651617,0.0,1.2140957409823077,8.670299755294748,5.01828708624297,8.306331947342242
 TLR03,419.2264263245527,7.50125857033104,6.998506000713399,18.86657234096181,101.16370651332353,37.04714860459487,8.687355201475055,5.004463626264351,3.2078510449251194,3.1099414520620092,13.161790773805489,4.331159310539392,4.50391284911766,34.200602515559936,5.26851817565553,4.380631687298775,4.8469601465519165,9.760773355116958,11.294788744142318,3.5385707157182384,3.71478054327886,2.9646018271892625,4.6240611145117825,14.064691113129156,7.062455169270762,5.344135573880407,5.006457006306221,5.256831099158853,4.633382236081761,3.3302759718056527,3.1025083952469745,3.4403588720096323,4.09373695030107,4.460914128519463,91.3309392039534,11.587862506241182,5.0271184629944266,8.138169326016008,4.520537907488895,3.2794510987713386,1.528501103176733,1.2140957409823077,0.0,14.156829462754779,40.902459492589884,55.16016293397892
 TLR04,12.368355410948894,27.356208094132466,5.664706529416327,9.957582614039792,22.245973762481754,33.120162922034595,12.606354790062868,37.8154550645082,9.305605496063626,3.84331702787346,2.915010971071697,4.783486727077595,5.503905633383035,11.903247670545694,15.302579922710905,5.24196984505567,7.36838542069976,19.122493724176728,39.92058886445612,24.458509923659125,7.543004128990135,6.222075830374594,9.18320995579084,13.556026680186912,12.870948534372088,34.11474885926067,24.046874546815637,10.253211214506482,25.987743088565196,18.95696908691627,33.5132221383339,9.998863410908148,8.446401148193571,5.338193077650748,5.347458998346538,7.265883486520339,15.668665421262814,11.728466716524117,5.868894333638446,2.2659867566272522,1.751529808580838,8.670299755294748,14.156829462754779,0.0,1.1535783176345389,1.5317735052241401
 TLR05,9.893366621984454,25.880438239528537,5.037422880739163,6.354307041336792,7.625141018038369,11.923076210805919,24.8167683036891,23.208724280802493,6.90564333101449,3.1530903998824034,3.3927824626573804,3.7343843933820504,4.270817635134101,26.36536271084533,7.104907543940928,3.6035962668270787,5.834846482428969,32.017517270326586,439.9918004190616,14.5216626110609,4.908939772347287,3.7651170195939225,5.192688328674419,10.738479138481788,14.819295490006901,360.26350951726056,116.54645238337983,17.94558200368991,14.269662498174426,13.505255139592924,110.32283993144686,15.948065107425146,11.289137252478817,7.990281857076741,4.1958804409563895,82.02805949952153,8.961649051739053,9.536362314042803,8.926309533434196,2.019225785316718,1.8018217711231446,5.01828708624297,40.902459492589884,1.1535783176345389,0.0,1.2275665818715775
 TLR06,8.60684450763397,7.536385340734917,3.421619617218775,3.545119482686032,3.468316962123405,6.128846668920833,85.96019834502863,8.37246601814859,3.899105452835932,2.57882656075055,2.6972524339283783,2.395100460961387,2.575983025520502,5.509309840753248,3.939673957439208,2.7927442981135004,3.2610218201231853,8.092911216117953,16.22663549254319,8.76863336415424,4.023782518174747,3.1586437911110425,3.7299976071508665,5.545281159864904,6.992660248315546,11.444219626245145,11.768314407701624,9.450582678083578,24.40497286689164,13.761196523804484,12.385957628125457,13.56742223601519,14.673913992808275,8.876034537731606,6.417269321874017,9.42308848654066,18.020698132446423,6.939975410035183,4.6705529005406525,2.070918506406092,2.4136722310566587,8.306331947342242,55.16016293397892,1.5317735052241401,1.2275665818715775,0.0
