, TLL06, TLL05, TLL04, TLL03, TLL02, TLL01, TBAL4, TBAL3, TBAL2, TBAL1, TBPL4, TBPL3, TBPL2, TBPL1, TL10, TL09, TL08, TL07, TL06, TL05, TL04, TL03, TL02, TL01, TR01, TR02, TR03, TR04, TR05, TR06, TR07, TR08, TR09, TR10, TBPR1, TBPR2, TBPR3, TBPR4, TBAR3, TBAR4, TLR01, TLR02, TLR03, TLR04, TLR05, TLR06
 TLL06,0.0,1.3231259645974276,1.5861735901476335,1.7476499203691165,1.799637204462463,2.1131026996285023,2.0885762614188144,2.261490437411434,2.010933246194715,2.8565818861529424,1.9848282624422986,1.8588538150638303,2.0417248494548024,2.2851775119631426,3.236190142126603,2.3939614414432864,2.327497328115516,2.386805164901627,2.749884342952362,4.912488232909216,2.639954298839215,3.809066713660929,3.307364006442837,1.75557941247046,1.5757740192085508,1.6410181727028263,1.829041890874247,2.000930950715097,1.8967742126948792,1.9237958184204205,2.109489045830992,2.2932434039165703,2.391262477911738,2.442962102373977,2.532094036777932,5.343770143433146,5.426904570403148,7.901096209579624,2.8871406611331674,27.090556143552615,2.035522882125323,2.233992860635587,2.630743351436871,2.2769797142676014,2.2784159366105774,2.4284309939948168
 TLL05,1.3231259645974276,0.0,1.3956278613279436,2.1027313275891455,2.05098731326127,2.9707941625505483,3.321989271051816,4.246760507363235,3.604775179559492,4.117993894820412,3.4395949299659003,3.190383295471948,2.927150585068427,2.739388123097959,4.289871437942415,3.5604557101726257,3.364087884872354,3.245269209013945,3.2751115937600335,10.458861483133715,3.9898512070950596,7.854365272468587,6.550491814033862,2.29445493823375,2.11227884520746,2.153547235679198,2.3421278199749294,2.554910335455555,2.5203506552243096,2.5790392519093457,2.7542398718912895,2.94565655443707,3.151790350059295,3.2793480096535492,3.1514704695049183,5.86256535616815,4.199959522214971,10.638853859385776,6.306839967027197,149.18632820971146,2.4442617814435574,2.8496246856256633,3.197994658201086,3.3630493461598907,3.817441289953885,3.789621170220828
 TLL04,1.5861735901476335,1.3956278613279436,0.0,1.3701777820097878,1.8619561872004113,2.637729421414532,3.485082125308189,4.465680611020612,3.363665233850689,3.904773770507104,2.9896427314416445,2.5773454260299924,2.6174995263955405,2.6883185762477324,4.031281247811849,4.011911499965937,3.658780639075238,3.376224735571136,3.3233448359714344,14.281977437591888,5.625034589007868,16.411203350945403,11.493673386892327,2.449233883319731,1.9216259106443718,1.9642151458601291,2.099094508670804,2.2820874196066763,2.3628898886593683,2.49303363718607,2.5745813832102353,2.602445461581886,2.7130671144197116,2.704771805825157,3.8365004166480023,4.488791921801416,5.110645584913464,9.910541679096855,3.303038348634164,25.670571145410857,2.685475751729352,3.1630247322940064,3.0935757830655,3.0446697410661647,3.4786020102296953,3.8033022949730912
 TLL03,1.7476499203691165,2.1027313275891455,1.3701777820097878,0.0,1.4574020823818106,1.912063719224909,3.1430951428503007,3.7084867244175395,2.6306454454306163,2.4422178568495583,2.6548490738663983,2.082531257937601,1.915765370611475,2.0793216336932403,2.9373604911952342,2.555848018647335,2.3222722919242815,2.4087390373015984,2.7373320910531747,8.341406099503784,3.655500171637216,6.213267203161112,5.525672515531307,1.8953481515480939,1.5751880376967056,1.6071455600751483,1.7219470186573371,1.8576117655011835,1.7757339706008546,1.8270002341220535,1.984383213291685,2.1267729789764127,2.1622796198984986,2.0823883676943753,2.805128372322579,3.985846365409158,3.517325186964571,5.735994257226422,2.822913229013533,11.972303294853125,2.1077522434094527,2.548672310856081,2.9313217207017597,2.789519986364875,3.3476477567279463,3.874832236945303
 TLL02,1.799637204462463,2.05098731326127,1.8619561872004113,1.4574020823818106,0.0,1.3712469804905247,3.735242243952864,3.8895029797437792,3.339288124214776,3.259075839845738,3.2429910530213055,2.939191771149914,2.378276757462062,2.2400548213172597,4.188997094239941,2.344028374725375,2.2443466077927225,2.3403766792349634,2.702001359775756,4.621857188399776,2.8602195689660723,4.417193364469273,4.172780963601148,1.7222763857381023,1.5361011548988046,1.5546419035642187,1.6583379117415133,1.7635421982351542,1.7515353875451654,1.7216756780237916,1.833746263941568,1.880844085942038,1.881166773513106,1.8796414403454298,2.270106901287068,4.610216504162249,2.992173264594587,5.364109309899482,4.041992693136705,12.907345296206879,1.8266105435874365,2.19232867184762,2.391221167066062,2.2107098790373616,2.5649728560345486,3.1817749227226253
 TLL01,2.1131026996285023,2.9707941625505483,2.637729421414532,1.912063719224909,1.3712469804905247,0.0,3.1509665505627953,3.5676897227852225,3.299020530854314,3.467215911835681,3.126566821047874,3.0813330600796127,2.9224634648141707,2.925785539253268,6.003227452805131,2.8669948579150826,3.007005481340158,3.120508732905022,3.6892647373415173,4.541810165497746,3.1494852855472195,4.950633015208355,4.5114595407532025,2.2104747810979744,1.7538250984700328,1.7695875123567468,1.8849296182356687,1.970684519947767,2.0937160730890225,2.100647334598957,2.194124319732199,2.2263806610950034,2.213031169288098,2.2752655119134686,2.5103406077727857,6.550760560283806,5.334604858586235,8.275062279949095,6.480491172237388,197.88289564152217,2.2165687071394893,2.765142740395928,2.759397301100636,2.187114436387699,2.3798420424229882,3.3628315553879475
 TBAL4,2.0885762614188144,3.321989271051816,3.485082125308189,3.1430951428503007,3.735242243952864,3.1509665505627953,0.0,1.2593963045519883,1.4445382650342067,3.661023008197241,1.1157879468967702,1.2178973490231055,2.5411304676377577,8.394111013374273,5.590101197334025,11.094730393427383,8.252107943514686,12.696793509523934,32.42755383753465,2.4306197874167976,1.750730783563872,1.9642847973779929,1.7337028305535358,3.177577556305918,2.2243891896390213,2.226916727632874,2.5134627013687196,2.5564750660642863,2.308627870976418,2.1394766395291254,2.3315739381227987,2.591870715857203,2.653522751828146,2.6411205804827436,2.081191652629155,10.359234992210808,7.223119766895431,4.298744832856044,2.40000405431313,9.16419094338997,1.984220347646815,1.9270234413985654,2.2492026591828536,2.4032798789477376,2.723336393131239,2.9551888948984346
 TBAL3,2.261490437411434,4.246760507363235,4.465680611020612,3.7084867244175395,3.8895029797437792,3.5676897227852225,1.2593963045519883,0.0,1.1667765633603087,2.4750627099088276,1.170120561510201,1.2980515136890294,2.2437887364578053,4.229201655011024,54.24569851323004,4.75770158692467,4.624384668931247,5.759387870755822,9.630091766478024,3.2153993918906427,1.9502836005794195,2.4902354195839624,2.2662552733859647,3.5353518274740092,2.1063817597952013,2.141961274693701,2.47026766214322,2.5525081566583188,2.4161940437752993,2.25046857448938,2.3454998238368376,2.5115123222225457,2.555671805062179,2.51457175283341,2.7576119171962468,9.194434874697077,5.849448422192878,5.93831616673652,2.542450485066196,7.816783521141648,2.18969730990732,2.1869402356884495,2.730137110532563,2.943438553258896,2.948331351166276,3.21543822905612
 TBAL2,2.010933246194715,3.604775179559492,3.363665233850689,2.6306454454306163,3.339288124214776,3.299020530854314,1.4445382650342067,1.1667765633603087,0.0,1.502828477084506,1.3152673355564033,1.2440040498208778,1.4984275482727838,2.3781470053493905,4.164706354204626,2.223049224769665,2.1295035526459354,2.5069482288778797,3.2396080298394083,3.019573544008203,1.7257579393039402,2.0789751112100463,1.955515745539533,2.294293580364861,1.8438022036812827,1.9007369283754632,2.200819404673104,2.3727883248240302,2.124860438138777,1.9979724044396305,2.1170898455302227,2.2956868293960877,2.3444179397072724,2.257736388364823,2.621671365764674,5.756136770975175,7.968966972390036,6.804311796685667,2.443346108185137,8.474729797341347,2.2577741456854277,2.2773355821547203,2.799188898919576,2.7731699410749813,3.030767796899994,3.403615502987314
 TBAL1,2.8565818861529424,4.117993894820412,3.904773770507104,2.4422178568495583,3.259075839845738,3.467215911835681,3.661023008197241,2.4750627099088276,1.502828477084506,0.0,2.8626423473267715,2.2111101862044946,1.5357582867263793,1.501191118418564,2.0421883142680395,1.4423756249916224,1.4718359473048392,1.6433030124574384,1.7921468019889788,24.3078781265157,3.2358773527906872,4.899954599053614,4.830571249452249,2.291108911847871,2.3924104444260914,2.5255060214918923,3.0188347288821995,3.4957008077025233,3.0034222337551237,2.8483485371579156,3.1920443830935064,3.618914062649471,3.819359383186662,3.3116524517050583,6.532637595294711,4.7841080131136255,8.78926807082487,118.428146873963,8.20662872320844,34.02895627702157,3.711994939579803,3.7157632625104147,5.013991749286559,4.700062330104255,6.436443748347041,6.475956608753878
 TBPL4,1.9848282624422986,3.4395949299659003,2.9896427314416445,2.6548490738663983,3.2429910530213055,3.126566821047874,1.1157879468967702,1.170120561510201,1.3152673355564033,2.8626423473267715,0.0,1.0741550285363202,2.0677734394450282,4.688452272183292,9.280491360962746,5.864440092679408,5.05399002198698,6.015698704160799,14.437792740475418,2.676781954161553,1.794248614988393,2.0906160289822546,1.8336146214354723,3.118459918128262,2.0793141307071137,2.0873054025781466,2.3514850963016785,2.393728856177266,2.2763598651111447,2.0994925011239056,2.2055234393240943,2.3638514761920675,2.4115990291334497,2.389131548758851,2.0825802146753354,10.095555697814943,6.040390864322077,4.788843263472363,2.1545996192985615,9.907484146933587,2.0309556523194385,2.053562185940549,2.407807227047121,2.5883894587495977,2.9115915266359766,3.2599047415196174
 TBPL3,1.8588538150638303,3.190383295471948,2.5773454260299924,2.082531257937601,2.939191771149914,3.0813330600796127,1.2178973490231055,1.2980515136890294,1.2440040498208778,2.2111101862044946,1.0741550285363202,0.0,1.4603535893376232,2.8044825965116837,19.87040353813083,3.2273456616343106,2.70896383182894,3.2018879059802465,5.454211834337955,2.515581959055855,1.6598017060069397,1.825985393218995,1.6629392377459293,2.1626953152149744,1.8865775030402778,1.9200442921415966,2.187357347832438,2.2683197269558906,2.0973178954234437,1.9195410088177,2.025095767012516,2.1709271515269606,2.2170032242436077,2.162054244289613,2.1229187448222606,7.722686849770578,4.957227192956304,4.658612034417261,1.9549136911794054,7.656828962728802,1.9760367974796584,2.0944791205759166,2.4321445778071316,2.492227207274716,2.8673150208119007,3.3193020463592955
 TBPL2,2.0417248494548024,2.927150585068427,2.6174995263955405,1.915765370611475,2.378276757462062,2.9224634648141707,2.5411304676377577,2.2437887364578053,1.4984275482727838,1.5357582867263793,2.0677734394450282,1.4603535893376232,0.0,1.2880269628065883,2.342263365685505,1.4655226205722744,1.321298905488795,1.4877644393475287,1.9403644769864636,2.6798761613206965,1.653374098048134,1.8684017125391286,1.8240310618809445,1.3204502535025622,1.7625667028806815,1.8787630451246782,2.2455100168020286,2.5012300355607175,2.154701060851542,1.927911279620333,2.146733754858492,2.4243663638493778,2.546213084526517,2.338354771747905,2.8352020655401833,4.024131444059086,4.179972478023469,6.254588538321578,1.9594186319845448,7.937547831171248,2.3433808181507807,2.396957729540584,3.019641250187265,2.8555442590256352,3.4403040736305353,4.0983597470008535
 TBPL1,2.2851775119631426,2.739388123097959,2.6883185762477324,2.0793216336932403,2.2400548213172597,2.925785539253268,8.394111013374273,4.229201655011024,2.3781470053493905,1.501191118418564,4.688452272183292,2.8044825965116837,1.2880269628065883,0.0,1.7488673232480152,1.2657624433092232,1.2558972980005565,1.2938011430433585,1.3641222987291972,17.17255854211681,3.462142204500787,7.862013498770292,7.438360776048478,1.318219382303008,1.7682993162990583,1.902245099392811,2.2781203843021802,2.6557508661497997,2.380191917654149,2.254748516563824,2.592318457814904,2.906778019204165,3.0391066738170056,2.6084544791740636,6.126170453276748,2.7858248677414483,4.515734584730618,117.36763897081094,3.351321761093164,17.19325455063119,2.601102152936582,2.965691450603238,4.441828241682714,3.8093967473339134,4.504640279340731,3.9801695916896644
 TL10,3.236190142126603,4.289871437942415,4.031281247811849,2.9373604911952342,4.188997094239941,6.003227452805131,5.590101197334025,54.24569851323004,4.164706354204626,2.0421883142680395,9.280491360962746,19.87040353813083,2.342263365685505,1.7488673232480152,0.0,1.3751230419082012,1.4789659170382317,1.3732409549378266,1.3250210206381412,2.5037921610862885,6.871286963820917,4.430104415421826,4.776413740129937,2.351352099129327,2.43401748645771,2.716193307169202,3.329053060971295,5.189348492178171,5.626952969251492,8.125944431623319,9.619651033874685,9.992139121260974,11.02045556167099,7.595796180852232,5.5532093430765235,2.69415216083146,16.97230783211238,4.270560581244522,11.664613898233435,91.63980421898609,17.716766200278578,38.332617699569596,19.408074447917674,2535.034139071143,56.97277254842527,35.79851537928784
 TL09,2.3939614414432864,3.5604557101726257,4.011911499965937,2.555848018647335,2.344028374725375,2.8669948579150826,11.094730393427383,4.75770158692467,2.223049224769665,1.4423756249916224,5.864440092679408,3.2273456616343106,1.4655226205722744,1.2657624433092232,1.3751230419082012,0.0,1.0476182004236496,1.05473277716992,1.1576483065296002,10.558413998768172,3.828733828891468,6.891025608043415,5.871568888323093,1.536341896302061,1.9408756577260977,2.135180551715608,2.6792280118840472,3.397188428192024,2.86757384212827,2.7622210723970806,3.246288910208204,3.665987770880069,3.991816955598886,3.3202744446443586,20.784335947246365,3.0961865489750156,10.002450747140525,22.668551211880075,4.476335498075408,20.36388935938473,3.7499696925265282,5.534235230326243,7.864128939589671,4.968764900712082,6.3320618172006835,6.07193461197911
 TL08,2.327497328115516,3.364087884872354,3.658780639075238,2.3222722919242815,2.2443466077927225,3.007005481340158,8.252107943514686,4.624384668931247,2.1295035526459354,1.4718359473048392,5.05399002198698,2.70896383182894,1.321298905488795,1.2558972980005565,1.4789659170382317,1.0476182004236496,0.0,1.0418101066133203,1.223006453632885,19.97797897852038,2.479535772051797,3.2280146983525553,3.194291460620321,1.3633328946044494,1.9550928723093486,2.135915659545105,2.6547799947511077,3.287724392173534,2.628305047394727,2.432836721903617,2.8244023506078393,3.25282950396894,3.5322781815395103,2.9806917731055456,6.946438780698424,3.4804480734675427,5.618063101615026,18.41924948186703,3.1652035250459876,16.401185076989172,3.532611172508981,4.308361675939982,5.6283391941257275,4.161536734617021,5.364066987357384,5.260274848873342
 TL07,2.386805164901627,3.245269209013945,3.376224735571136,2.4087390373015984,2.3403766792349634,3.120508732905022,12.696793509523934,5.759387870755822,2.5069482288778797,1.6433030124574384,6.015698704160799,3.2018879059802465,1.4877644393475287,1.2938011430433585,1.3732409549378266,1.05473277716992,1.0418101066133203,0.0,1.0765603182707884,9.195367874157307,3.6152095752263,6.786987390575382,6.122909886677459,1.4802341100355974,1.909093885296425,2.082277518916676,2.5579526538683313,3.194709101622499,2.749432252064972,2.7097481045496763,3.219063447381351,3.660479685475358,4.010621706438519,3.395517537905326,17.870169376822986,2.9191706335738106,7.594007626837175,223.8845625143615,3.9496646556679997,57.07537144350033,4.314990278285872,5.670945715809857,7.095642135187247,4.921674050921627,6.280181026756803,6.478329579888581
 TL06,2.749884342952362,3.2751115937600335,3.3233448359714344,2.7373320910531747,2.702001359775756,3.6892647373415173,32.42755383753465,9.630091766478024,3.2396080298394083,1.7921468019889788,14.437792740475418,5.454211834337955,1.9403644769864636,1.3641222987291972,1.3250210206381412,1.1576483065296002,1.223006453632885,1.0765603182707884,0.0,3.208579331402671,18.517811890472764,8.193429772168045,10.05818097544354,1.9125866604751414,2.1591663091888305,2.379711701133788,3.000396636561154,3.980820846812708,3.729122671069618,4.1690591101233485,5.367465175036382,5.966141982056482,6.638894143824987,5.38353197884291,13.523746141436284,2.799458214232358,14.469525417033854,10.153266563269943,11.612415875344105,29.350983600106094,7.128376764058079,11.878261354397857,13.235335071908173,7.371743984754304,8.821301953895539,9.325940895496647
 TL05,4.912488232909216,10.458861483133715,14.281977437591888,8.341406099503784,4.621857188399776,4.541810165497746,2.4306197874167976,3.2153993918906427,3.019573544008203,24.3078781265157,2.676781954161553,2.515581959055855,2.6798761613206965,17.17255854211681,2.5037921610862885,10.558413998768172,19.97797897852038,9.195367874157307,3.208579331402671,0.0,1.1898134659168766,1.1603657890819807,1.2095018816868954,2.4818951199981867,5.875482805866981,5.552441384586293,5.4797112052041665,4.5781308306497195,2.9483885754188948,2.406669935800543,2.6085308821851134,2.977583340485355,3.021215524253535,2.944155517794645,1.7261075475807455,9.527467220560428,5.092881906138602,2.7501264426774816,2.0789367980139826,8.166084503165466,3.267710070818314,2.6356108878611337,3.2333129441013257,3.261275611284944,3.5977944979216705,3.9905743970711134
 TL04,2.639954298839215,3.9898512070950596,5.625034589007868,3.655500171637216,2.8602195689660723,3.1494852855472195,1.750730783563872,1.9502836005794195,1.7257579393039402,3.2358773527906872,1.794248614988393,1.6598017060069397,1.653374098048134,3.462142204500787,6.871286963820917,3.828733828891468,2.479535772051797,3.6152095752263,18.517811890472764,1.1898134659168766,0.0,1.0644236614101321,1.0838950357814365,1.6469727567480603,2.6163959096280043,2.704372676029888,3.1692554052639164,3.1510152511523737,2.320270074527346,1.9147650227369921,2.177589237352361,2.586928766919639,2.6945169982961836,2.544233395044648,1.683247208973845,165.83619026110952,4.094810423591093,3.2335428018718004,1.7722939666408013,5.059717868938259,2.328527271408069,1.9692517090740305,2.351332994368957,2.3898111104438398,2.698596753659153,3.0616023880334216
 TL03,3.809066713660929,7.854365272468587,16.411203350945403,6.213267203161112,4.417193364469273,4.950633015208355,1.9642847973779929,2.4902354195839624,2.0789751112100463,4.899954599053614,2.0906160289822546,1.825985393218995,1.8684017125391286,7.862013498770292,4.430104415421826,6.891025608043415,3.2280146983525553,6.786987390575382,8.193429772168045,1.1603657890819807,1.0644236614101321,0.0,1.0225466547245996,1.9234982709906938,4.698202156598009,4.888407224130956,6.071622348498665,5.62420772595925,3.3474398116143242,2.493506923264392,2.8589270104641087,3.558940312905073,3.7442506235685573,3.6188094143408374,1.7981127444261398,8.54631097415165,5.222681532816326,3.016445267390595,1.8138838795358059,4.548761814450455,3.3430727148276658,2.5868613076096136,2.93483319394738,2.8633556185507483,3.2638793616534327,3.604466925505525
 TL02,3.307364006442837,6.550491814033862,11.493673386892327,5.525672515531307,4.172780963601148,4.5114595407532025,1.7337028305535358,2.2662552733859647,1.955515745539533,4.830571249452249,1.8336146214354723,1.6629392377459293,1.8240310618809445,7.438360776048478,4.776413740129937,5.871568888323093,3.194291460620321,6.122909886677459,10.05818097544354,1.2095018816868954,1.0838950357814365,1.0225466547245996,0.0,1.9306008711146232,4.002435638092104,4.05919496990689,4.786201057941674,4.523462181118382,3.001212787271586,2.3232857720968925,2.614608628015676,3.1536728207462,3.3336881933682943,3.217187887956973,1.6992661530055757,13.185502968386572,5.535354774915301,3.02797408910715,1.750080290316722,4.815147634638962,2.948432064425724,2.4587797671276217,2.9248947437182085,2.841794533511914,3.195587657421855,3.5954087535749775
 TL01,1.75557941247046,2.29445493823375,2.449233883319731,1.8953481515480939,1.7222763857381023,2.2104747810979744,3.177577556305918,3.5353518274740092,2.294293580364861,2.291108911847871,3.118459918128262,2.1626953152149744,1.3204502535025622,1.318219382303008,2.351352099129327,1.536341896302061,1.3633328946044494,1.4802341100355974,1.9125866604751414,2.4818951199981867,1.6469727567480603,1.9234982709906938,1.9306008711146232,0.0,1.4446596560013698,1.532080789374955,1.7714459347219709,2.0143932322282923,1.7517276789823049,1.6488728070602994,1.8691050856808216,2.098370714227236,2.1388828045277966,1.952224471294704,2.313094193991483,3.6986192908749147,4.114938165966464,5.638883671518949,1.7326999491830972,10.291526977035991,1.8712124231522242,1.9197708321577098,2.3784062623327435,2.1288653198051453,2.423016823095396,2.4418421636630234
 TR01,1.5757740192085508,2.11227884520746,1.9216259106443718,1.5751880376967056,1.5361011548988046,1.7538250984700328,2.2243891896390213,2.1063817597952013,1.8438022036812827,2.3924104444260914,2.0793141307071137,1.8865775030402778,1.7625667028806815,1.7682993162990583,2.43401748645771,1.9408756577260977,1.9550928723093486,1.909093885296425,2.1591663091888305,5.875482805866981,2.6163959096280043,4.698202156598009,4.002435638092104,1.4446596560013698,0.0,1.0102271087671117,1.0752035613602,1.159475205746509,1.2307492085323783,1.2643685086894372,1.3165630621403255,1.3589696300357497,1.3751707059638076,1.3515837098932033,2.0459950050895004,2.5007012601227734,2.9937020031911277,4.80901574735986,2.3525053391141313,6.781113512994331,1.4388321375211577,1.582687040801768,2.0794285640044703,2.0953635151131467,2.2614045621816126,2.9211505259155643
 TR02,1.6410181727028263,2.153547235679198,1.9642151458601291,1.6071455600751483,1.5546419035642187,1.7695875123567468,2.226916727632874,2.141961274693701,1.9007369283754632,2.5255060214918923,2.0873054025781466,1.9200442921415966,1.8787630451246782,1.902245099392811,2.716193307169202,2.135180551715608,2.135915659545105,2.082277518916676,2.379711701133788,5.552441384586293,2.704372676029888,4.888407224130956,4.05919496990689,1.532080789374955,1.0102271087671117,0.0,1.030452737475043,1.0874853430084996,1.1613692848762827,1.1985236898608684,1.2196453087082744,1.2442445001318796,1.2552093949211864,1.2477870432201803,1.9462666324876827,2.3740819659791375,2.7143029537613437,3.7620206694613483,2.6067528004963196,4.7111608492634565,1.4197998047632512,1.60109154711719,2.210416792059393,2.3195090922711614,2.5008513497159677,3.5042944083421275
 TR03,1.829041890874247,2.3421278199749294,2.099094508670804,1.7219470186573371,1.6583379117415133,1.8849296182356687,2.5134627013687196,2.47026766214322,2.200819404673104,3.0188347288821995,2.3514850963016785,2.187357347832438,2.2455100168020286,2.2781203843021802,3.329053060971295,2.6792280118840472,2.6547799947511077,2.5579526538683313,3.000396636561154,5.4797112052041665,3.1692554052639164,6.071622348498665,4.786201057941674,1.7714459347219709,1.0752035613602,1.030452737475043,0.0,1.0201249177318772,1.1018374371626622,1.15044013259937,1.1267679748259734,1.1269355005210675,1.134030779042286,1.1406535112561513,1.9045529437890378,2.2772810647033737,2.6516750916167546,2.966370380587765,3.2192721534900555,3.197071551590595,1.4804922340357505,1.7329989910472288,2.6304806893984733,3.023798359362852,3.298248599845522,5.7846817835605435
 TR04,2.000930950715097,2.554910335455555,2.2820874196066763,1.8576117655011835,1.7635421982351542,1.970684519947767,2.5564750660642863,2.5525081566583188,2.3727883248240302,3.4957008077025233,2.393728856177266,2.2683197269558906,2.5012300355607175,2.6557508661497997,5.189348492178171,3.397188428192024,3.287724392173534,3.194709101622499,3.980820846812708,4.5781308306497195,3.1510152511523737,5.62420772595925,4.523462181118382,2.0143932322282923,1.159475205746509,1.0874853430084996,1.0201249177318772,0.0,1.0957229926195746,1.1315025582910472,1.084742964143179,1.0782896154260468,1.0891482588516552,1.1106624170825632,1.8187337830021424,2.412907527152527,2.5277917594417016,2.4905292720854493,3.7668291083790644,2.9135115843340293,1.5526454030501848,1.8536000300655497,3.076994865967741,3.7787197625712103,3.969123055061845,8.729344795258049
 TR05,1.8967742126948792,2.5203506552243096,2.3628898886593683,1.7757339706008546,1.7515353875451654,2.0937160730890225,2.308627870976418,2.4161940437752993,2.124860438138777,3.0034222337551237,2.2763598651111447,2.0973178954234437,2.154701060851542,2.380191917654149,5.626952969251492,2.86757384212827,2.628305047394727,2.749432252064972,3.729122671069618,2.9483885754188948,2.320270074527346,3.3474398116143242,3.001212787271586,1.7517276789823049,1.2307492085323783,1.1613692848762827,1.1018374371626622,1.0957229926195746,0.0,1.0237927117703347,1.0430200749163936,1.0857798105880707,1.1003418497562938,1.0912575521219336,1.6185955614620844,2.3553666767381225,2.2588873958487596,2.2597966971177836,3.1973658517702375,3.5164991021656506,1.4331149010316198,1.8263781320992063,3.0095720944691604,3.4214334522419856,4.060440768526433,7.367103209201735
 TR06,1.9237958184204205,2.5790392519093457,2.49303363718607,1.8270002341220535,1.7216756780237916,2.100647334598957,2.1394766395291254,2.25046857448938,1.9979724044396305,2.8483485371579156,2.0994925011239056,1.9195410088177,1.927911279620333,2.254748516563824,8.125944431623319,2.7622210723970806,2.432836721903617,2.7097481045496763,4.1690591101233485,2.406669935800543,1.9147650227369921,2.493506923264392,2.3232857720968925,1.6488728070602994,1.2643685086894372,1.1985236898608684,1.15044013259937,1.1315025582910472,1.0237927117703347,0.0,1.035063855601773,1.0918317322270112,1.1142650564026273,1.1019131369810684,1.5390890218991178,2.3565788882372662,1.9615829416788195,2.2122179218830196,2.6559456445680576,4.498830847736835,1.390948842353507,1.7315033067288308,2.833419572574228,3.2385367789131414,4.062463887214746,7.342145976858193
 TR07,2.109489045830992,2.7542398718912895,2.5745813832102353,1.984383213291685,1.833746263941568,2.194124319732199,2.3315739381227987,2.3454998238368376,2.1170898455302227,3.1920443830935064,2.2055234393240943,2.025095767012516,2.146733754858492,2.592318457814904,9.619651033874685,3.246288910208204,2.8244023506078393,3.219063447381351,5.367465175036382,2.6085308821851134,2.177589237352361,2.8589270104641087,2.614608628015676,1.8691050856808216,1.3165630621403255,1.2196453087082744,1.1267679748259734,1.084742964143179,1.0430200749163936,1.035063855601773,0.0,1.017830345985679,1.033404604357508,1.0435902470801848,1.5897178058557575,2.587950655674495,2.2575292632430877,2.22256386560927,2.9966391164998836,3.9470092530010925,1.4623538698342549,1.8451281327533269,3.284795555195163,4.032395169489071,5.029927988544081,12.526371106409098
 TR08,2.2932434039165703,2.94565655443707,2.602445461581886,2.1267729789764127,1.880844085942038,2.2263806610950034,2.591870715857203,2.5115123222225457,2.2956868293960877,3.618914062649471,2.3638514761920675,2.1709271515269606,2.4243663638493778,2.906778019204165,9.992139121260974,3.665987770880069,3.25282950396894,3.660479685475358,5.966141982056482,2.977583340485355,2.586928766919639,3.558940312905073,3.1536728207462,2.098370714227236,1.3589696300357497,1.2442445001318796,1.1269355005210675,1.0782896154260468,1.0857798105880707,1.0918317322270112,1.017830345985679,0.0,1.008125782180065,1.027024881396164,1.710713953087985,2.727613467912694,2.532087796441635,2.3219566512662335,3.429099906532536,3.5859398259759554,1.5404999791637073,1.9971154703365013,3.772776437433267,4.779348135020843,5.899312099111063,16.86468853758875
 TR09,2.391262477911738,3.151790350059295,2.7130671144197116,2.1622796198984986,1.881166773513106,2.213031169288098,2.653522751828146,2.555671805062179,2.3444179397072724,3.819359383186662,2.4115990291334497,2.2170032242436077,2.546213084526517,3.0391066738170056,11.02045556167099,3.991816955598886,3.5322781815395103,4.010621706438519,6.638894143824987,3.021215524253535,2.6945169982961836,3.7442506235685573,3.3336881933682943,2.1388828045277966,1.3751707059638076,1.2552093949211864,1.134030779042286,1.0891482588516552,1.1003418497562938,1.1142650564026273,1.033404604357508,1.008125782180065,0.0,1.0256773773720258,1.805204793058149,2.6813226329480013,2.552109381070931,2.346597797681923,3.6249888830480805,3.3525635375778027,1.5461190286409823,1.9718454484733694,3.7364914323016873,4.7349579706317435,5.883969841855445,15.749362716375273
 TR10,2.442962102373977,3.2793480096535492,2.704771805825157,2.0823883676943753,1.8796414403454298,2.2752655119134686,2.6411205804827436,2.51457175283341,2.257736388364823,3.3116524517050583,2.389131548758851,2.162054244289613,2.338354771747905,2.6084544791740636,7.595796180852232,3.3202744446443586,2.9806917731055456,3.395517537905326,5.38353197884291,2.944155517794645,2.544233395044648,3.6188094143408374,3.217187887956973,1.952224471294704,1.3515837098932033,1.2477870432201803,1.1406535112561513,1.1106624170825632,1.0912575521219336,1.1019131369810684,1.0435902470801848,1.027024881396164,1.0256773773720258,0.0,1.7726256070583901,2.769873904889813,2.493522601414048,2.4916427445208384,3.2425644910127716,3.569464633474562,1.472085099948634,1.8708665591654752,3.2549900802479286,4.027352092867798,5.0243814378022025,10.941304316002851
 TBPR1,2.532094036777932,3.1514704695049183,3.8365004166480023,2.805128372322579,2.270106901287068,2.5103406077727857,2.081191652629155,2.7576119171962468,2.621671365764674,6.532637595294711,2.0825802146753354,2.1229187448222606,2.8352020655401833,6.126170453276748,5.5532093430765235,20.784335947246365,6.946438780698424,17.870169376822986,13.523746141436284,1.7261075475807455,1.683247208973845,1.7981127444261398,1.6992661530055757,2.313094193991483,2.0459950050895004,1.9462666324876827,1.9045529437890378,1.8187337830021424,1.6185955614620844,1.5390890218991178,1.5897178058557575,1.710713953087985,1.805204793058149,1.7726256070583901,0.0,19.929554611637233,2.8016705711737444,2.289056571850053,2.6779992266240513,11.060574240599387,1.7299396264597475,1.8813541594313883,2.4147648209674646,2.5099018121059005,2.834377479748473,3.429146003627464
 TBPR2,5.343770143433146,5.86256535616815,4.488791921801416,3.985846365409158,4.610216504162249,6.550760560283806,10.359234992210808,9.194434874697077,5.756136770975175,4.7841080131136255,10.095555697814943,7.722686849770578,4.024131444059086,2.7858248677414483,2.69415216083146,3.0961865489750156,3.4804480734675427,2.9191706335738106,2.799458214232358,9.527467220560428,165.83619026110952,8.54631097415165,13.185502968386572,3.6986192908749147,2.5007012601227734,2.3740819659791375,2.2772810647033737,2.412907527152527,2.3553666767381225,2.3565788882372662,2.587950655674495,2.727613467912694,2.6813226329480013,2.769873904889813,19.929554611637233,0.0,2.710348126326722,21.025168862296024,8.081362485426297,6.836775511697384,3.8223694181150463,11.392780523633796,6.262886747700061,4.371699235355217,3.18272316261131,2.835566405286438
 TBPR3,5.426904570403148,4.199959522214971,5.110645584913464,3.517325186964571,2.992173264594587,5.334604858586235,7.223119766895431,5.849448422192878,7.968966972390036,8.78926807082487,6.040390864322077,4.957227192956304,4.179972478023469,4.515734584730618,16.97230783211238,10.002450747140525,5.618063101615026,7.594007626837175,14.469525417033854,5.092881906138602,4.094810423591093,5.222681532816326,5.535354774915301,4.114938165966464,2.9937020031911277,2.7143029537613437,2.6516750916167546,2.5277917594417016,2.2588873958487596,1.9615829416788195,2.2575292632430877,2.532087796441635,2.552109381070931,2.493522601414048,2.8016705711737444,2.710348126326722,0.0,2.0178423281745452,12.665147308822972,2.7800684834646323,2.417329598367279,3.309898575479965,5.698374151481877,7.788934481419568,12.191251458671006,17.29124423231915
 TBPR4,7.901096209579624,10.638853859385776,9.910541679096855,5.735994257226422,5.364109309899482,8.275062279949095,4.298744832856044,5.93831616673652,6.804311796685667,118.428146873963,4.788843263472363,4.658612034417261,6.254588538321578,117.36763897081094,4.270560581244522,22.668551211880075,18.41924948186703,223.8845625143615,10.153266563269943,2.7501264426774816,3.2335428018718004,3.016445267390595,3.02797408910715,5.638883671518949,4.80901574735986,3.7620206694613483,2.966370380587765,2.4905292720854493,2.2597966971177836,2.2122179218830196,2.22256386560927,2.3219566512662335,2.346597797681923,2.4916427445208384,2.289056571850053,21.025168862296024,2.0178423281745452,0.0,9.2752776966366,1.5277366664608694,4.651887262151125,5.585521290201545,5.764566157182429,5.154112842371595,4.542669520443494,6.910878332803352
 TBAR3,2.8871406611331674,6.306839967027197,3.303038348634164,2.822913229013533,4.041992693136705,6.480491172237388,2.40000405431313,2.542450485066196,2.443346108185137,8.20662872320844,2.1545996192985615,1.9549136911794054,1.9594186319845448,3.351321761093164,11.664613898233435,4.476335498075408,3.1652035250459876,3.9496646556679997,11.612415875344105,2.0789367980139826,1.7722939666408013,1.8138838795358059,1.750080290316722,1.7326999491830972,2.3525053391141313,2.6067528004963196,3.2192721534900555,3.7668291083790644,3.1973658517702375,2.6559456445680576,2.9966391164998836,3.429099906532536,3.6249888830480805,3.2425644910127716,2.6779992266240513,8.081362485426297,12.665147308822972,9.2752776966366,0.0,4.1955207148560145,2.4249131508396906,2.177298345921537,2.7354867659913276,2.6998931628271152,3.087059280735352,2.7230030417414004
 TBAR4,27.090556143552615,149.18632820971146,25.670571145410857,11.972303294853125,12.907345296206879,197.88289564152217,9.16419094338997,7.816783521141648,8.474729797341347,34.02895627702157,9.907484146933587,7.656828962728802,7.937547831171248,17.19325455063119,91.63980421898609,20.36388935938473,16.401185076989172,57.07537144350033,29.350983600106094,8.166084503165466,5.059717868938259,4.548761814450455,4.815147634638962,10.291526977035991,6.781113512994331,4.7111608492634565,3.197071551590595,2.9135115843340293,3.5164991021656506,4.498830847736835,3.9470092530010925,3.5859398259759554,3.3525635375778027,3.569464633474562,11.060574240599387,6.836775511697384,2.7800684834646323,1.5277366664608694,4.1955207148560145,0.0,24.473547990074973,34.36589690194112,113.94474010198174,17.153163516612963,15.732065435497299,5.256651783782484
 TLR01,2.035522882125323,2.4442617814435574,2.685475751729352,2.1077522434094527,1.8266105435874365,2.2165687071394893,1.984220347646815,2.18969730990732,2.2577741456854277,3.711994939579803,2.0309556523194385,1.9760367974796584,2.3433808181507807,2.601102152936582,17.716766200278578,3.7499696925265282,3.532611172508981,4.314990278285872,7.128376764058079,3.267710070818314,2.328527271408069,3.3430727148276658,2.948432064425724,1.8712124231522242,1.4388321375211577,1.4197998047632512,1.4804922340357505,1.5526454030501848,1.4331149010316198,1.390948842353507,1.4623538698342549,1.5404999791637073,1.5461190286409823,1.472085099948634,1.7299396264597475,3.8223694181150463,2.417329598367279,4.651887262151125,2.4249131508396906,24.473547990074973,0.0,1.2684646218665978,1.695880300243814,1.935049477781533,2.416807116230059,3.2394058392253093
 TLR02,2.233992860635587,2.8496246856256633,3.1630247322940064,2.548672310856081,2.19232867184762,2.765142740395928,1.9270234413985654,2.1869402356884495,2.2773355821547203,3.7157632625104147,2.053562185940549,2.0944791205759166,2.396957729540584,2.965691450603238,38.332617699569596,5.534235230326243,4.308361675939982,5.670945715809857,11.878261354397857,2.6356108878611337,1.9692517090740305,2.5868613076096136,2.4587797671276217,1.9197708321577098,1.582687040801768,1.60109154711719,1.7329989910472288,1.8536000300655497,1.8263781320992063,1.7315033067288308,1.8451281327533269,1.9971154703365013,1.9718454484733694,1.8708665591654752,1.8813541594313883,11.392780523633796,3.309898575479965,5.585521290201545,2.177298345921537,34.36589690194112,1.2684646218665978,0.0,1.1612697397416885,1.370290371060583,1.7150968022472848,2.166321247317768
 TLR03,2.630743351436871,3.197994658201086,3.0935757830655,2.9313217207017597,2.391221167066062,2.759397301100636,2.2492026591828536,2.730137110532563,2.799188898919576,5.013991749286559,2.407807227047121,2.4321445778071316,3.019641250187265,4.441828241682714,19.408074447917674,7.864128939589671,5.6283391941257275,7.095642135187247,13.235335071908173,3.2333129441013257,2.351332994368957,2.93483319394738,2.9248947437182085,2.3784062623327435,2.0794285640044703,2.210416792059393,2.6304806893984733,3.076994865967741,3.0095720944691604,2.833419572574228,3.284795555195163,3.772776437433267,3.7364914323016873,3.2549900802479286,2.4147648209674646,6.262886747700061,5.698374151481877,5.764566157182429,2.7354867659913276,113.94474010198174,1.695880300243814,1.1612697397416885,0.0,1.1049067441376996,1.3737918046995246,1.6374229199367545
 TLR04,2.2769797142676014,3.3630493461598907,3.0446697410661647,2.789519986364875,2.2107098790373616,2.187114436387699,2.4032798789477376,2.943438553258896,2.7731699410749813,4.700062330104255,2.5883894587495977,2.492227207274716,2.8555442590256352,3.8093967473339134,2535.034139071143,4.968764900712082,4.161536734617021,4.921674050921627,7.371743984754304,3.261275611284944,2.3898111104438398,2.8633556185507483,2.841794533511914,2.1288653198051453,2.0953635151131467,2.3195090922711614,3.023798359362852,3.7787197625712103,3.4214334522419856,3.2385367789131414,4.032395169489071,4.779348135020843,4.7349579706317435,4.027352092867798,2.5099018121059005,4.371699235355217,7.788934481419568,5.154112842371595,2.6998931628271152,17.153163516612963,1.935049477781533,1.370290371060583,1.1049067441376996,0.0,1.0902143018876602,1.2760073984349531
 TLR05,2.2784159366105774,3.817441289953885,3.4786020102296953,3.3476477567279463,2.5649728560345486,2.3798420424229882,2.723336393131239,2.948331351166276,3.030767796899994,6.436443748347041,2.9115915266359766,2.8673150208119007,3.4403040736305353,4.504640279340731,56.97277254842527,6.3320618172006835,5.364066987357384,6.280181026756803,8.821301953895539,3.5977944979216705,2.698596753659153,3.2638793616534327,3.195587657421855,2.423016823095396,2.2614045621816126,2.5008513497159677,3.298248599845522,3.969123055061845,4.060440768526433,4.062463887214746,5.029927988544081,5.899312099111063,5.883969841855445,5.0243814378022025,2.834377479748473,3.18272316261131,12.191251458671006,4.542669520443494,3.087059280735352,15.732065435497299,2.416807116230059,1.7150968022472848,1.3737918046995246,1.0902143018876602,0.0,1.1710191358044613
 TLR06,2.4284309939948168,3.789621170220828,3.8033022949730912,3.874832236945303,3.1817749227226253,3.3628315553879475,2.9551888948984346,3.21543822905612,3.403615502987314,6.475956608753878,3.2599047415196174,3.3193020463592955,4.0983597470008535,3.9801695916896644,35.79851537928784,6.07193461197911,5.260274848873342,6.478329579888581,9.325940895496647,3.9905743970711134,3.0616023880334216,3.604466925505525,3.5954087535749775,2.4418421636630234,2.9211505259155643,3.5042944083421275,5.7846817835605435,8.729344795258049,7.367103209201735,7.342145976858193,12.526371106409098,16.86468853758875,15.749362716375273,10.941304316002851,3.429146003627464,2.835566405286438,17.29124423231915,6.910878332803352,2.7230030417414004,5.256651783782484,3.2394058392253093,2.166321247317768,1.6374229199367545,1.2760073984349531,1.1710191358044613,0.0
