, TLL06, TLL05, TLL04, TLL03, TLL02, TLL01, TBAL4, TBAL3, TBAL2, TBAL1, TBPL4, TBPL3, TBPL2, TBPL1, TL10, TL09, TL08, TL07, TL06, TL05, TL04, TL03, TL02, TL01, TR01, TR02, TR03, TR04, TR05, TR06, TR07, TR08, TR09, TR10, TBPR1, TBPR2, TBPR3, TBPR4, TBAR3, TBAR4, TLR01, TLR02, TLR03, TLR04, TLR05, TLR06
 TLL06,0.0,1.2812050779611273,1.603794600451732,1.6113368941722044,1.417714215388555,1.5390734822980712,1.3328313040783222,1.537341284980582,1.3110793621841639,1.8998705181505395,1.2767147234330065,1.1898738016306092,1.2954347966340616,2.1409273987588295,4.178717260532959,4.210274151043174,5.162280288609533,3.6900696520762897,2.68498011855117,35.63269518194443,6.748079859311318,9.34809181410069,4.758558261319953,2.288130527813234,20.25423931363195,14.696556097810964,13.825770549359294,68.27379950043806,15.232123969881467,15.056340968862232,13.524918209020585,888.6131186928197,21.701624001703102,14.668852952633609,3.713891815932846,5.560755762012466,3.131371272968148,1.8294127137948513,1.5709510230233958,1.5218168317936194,3.590330325284157,2.359737743304192,2.5832843913302574,2.117001324244229,2.2571065598185265,1.8828136606893557
 TLL05,1.2812050779611273,0.0,1.5990941410842896,2.370667076268825,1.323333518300998,1.3494369282940974,1.3610651764241646,2.024547668946997,1.6108321803105468,2.0151764492611055,1.1497121899774632,1.1985757468317888,1.3762201442863053,2.0559947671244645,3.0968243335752743,2.758349405605809,2.7056313859709173,2.5043731828826252,3.2375486650773793,7.223559765363772,3.2234544491349593,7.221855142698688,14.783375127738696,2.6347494137783936,51.8353003565365,20.2406998844872,13.981314294116133,8.208486343384173,8.231053132154544,8.757826514654546,10.101839514824517,50.88008863334306,62.912534890581504,14.357995950372661,5.366161122188188,8.047137925454162,2.853878719290404,1.605235626847264,1.5073478322007166,1.5065731295407703,3.6790501188888034,2.284225115940128,2.3968529789319253,1.7062882166862718,1.7409299962486373,1.544151944680099
 TLL04,1.603794600451732,1.5990941410842896,0.0,1.2206981056423725,1.6372899944826955,1.2758037831090565,1.6813125384809517,2.440389987863683,1.6859576354936192,3.796365456106094,1.4160728350195897,1.4568809244120207,1.705374655508385,5.820060322468629,2.967727389263519,2.557417546333086,2.655163594903143,2.1794417974040146,1.6751104927931415,10.487518275396825,4.1269072052772975,4.3931997261371185,3.622429959205655,5.696192854115383,6.087274886939344,13.59488655988245,49.60176975401639,80.36673704657846,5.9307060923998876,6.272248169741639,4.638979001719708,6.793533370095581,4.049116728335367,4.055506286307804,2.353403593658103,3.9775265340907904,2.2854746951660116,1.3817109510053471,1.3404182604533188,1.2718063293644435,2.657903899051984,2.676114058087788,2.6215494412171894,3.212969852850351,2.295451789742574,1.6610555648804728
 TLL03,1.6113368941722044,2.370667076268825,1.2206981056423725,0.0,1.466048795675199,1.3524390666919368,2.347677713037122,3.2896701632075644,1.9798125379447402,2.503757831553255,1.5997551257141134,1.5706064354920526,1.6303295481968438,5.932367196503504,40.7864012187748,49.203590264409925,54.49263759124138,12.111302799089707,2.730572366610844,2.5529705356420567,5.552944497642401,4.023798373381919,2.167315054316007,3.5598329973601683,99.45895259745357,9.519908385610192,5.531390987527746,5.817947829520365,48.05695753614349,31.363038949116977,11.31224382297204,23.807363922390714,11.298638997047448,5.574165126555738,1.940747009764629,2.916940974175164,1.9137916374339157,1.4064308887610095,1.4618614597130468,1.4017156352575506,1.6523182267957426,1.8740942126314046,2.036981465637525,3.9505607806281104,2.7058350682934167,1.841049423966616
 TLL02,1.417714215388555,1.323333518300998,1.6372899944826955,1.466048795675199,0.0,1.139220779430068,1.615918502057095,2.993356665420828,1.8808353607831467,1.699463748375152,1.1577984027733812,1.251686173105032,1.335288486460866,2.4537864554539794,24.48132747933818,19.551963428930378,23.55428513897386,10.903733197525694,8.448859566749167,8.445021612916758,3.277677441207847,4.469332775489315,3.270910421759408,2.1893966655558836,6.812053083685202,8.608537790547757,11.612400347274736,13.253676925703438,52.126147509205644,1398.3557522053131,62.749837430270674,15.657892777371421,8.9750213620561,8.346604143783269,2.992802091786094,4.050326942824938,1.8157404341417724,1.3173876851076776,1.354622557483805,1.3547873265995676,1.8778218456133042,1.4553024434198472,1.4707227345107141,1.4589977054224548,1.4350305861334904,1.2735714098701711
 TLL01,1.5390734822980712,1.3494369282940974,1.2758037831090565,1.3524390666919368,1.139220779430068,0.0,1.5639261067111732,2.720216712688363,1.7923042049359716,1.922669800686395,1.2005558700428904,1.2821340330844893,1.4001848038457503,2.541370823506363,15.219649449643443,5.496885071704833,5.1660176702768315,4.3100626429420075,3.7296313272221835,6.968396253882297,3.0482860967617853,3.3979722136131216,3.1694572031386827,2.4854932382077073,13.178010801482142,17.737924997869627,25.358702434918214,47.77920063018304,27.547442846144,15.09173628607491,11.680968914408252,139.3715096075176,144.36334453037253,88.10244953949781,2.8793990798568867,5.094991937439896,2.0370168380133866,1.2965143412268918,1.333869828628777,1.329017699557385,1.9661810100097574,1.7759480674729793,1.692594820987,1.7001493634855656,1.4559510246767844,1.230172944398955
 TBAL4,1.3328313040783222,1.3610651764241646,1.6813125384809517,2.347677713037122,1.615918502057095,1.5639261067111732,0.0,1.8442373820965459,1.205322768432922,3.7323628727261813,1.3385795093253126,1.3047850054737113,1.432055083490674,2.1141107171183884,3.4082824553946667,2.1019383917087073,2.1983253643435363,2.049128875768249,2.3432550760957995,28.136856311603374,2.346734440169746,3.000895263790197,3.429591047257115,3.637197380995058,13.076255025866502,9.998612928948539,9.783989187159818,4.636234803395866,6.851465217944773,8.573748390764898,6.929095060852445,114.65451793487063,15.649005225338328,5.6963573220742365,3.75109901012649,4.275753072021328,2.9500246002158272,1.5708442913158212,1.7982712508847083,1.5653462673839689,3.7993619014345197,2.4090446746925296,2.210159869484543,1.6973981535577969,1.6017417186314031,1.5998866977121629
 TBAL3,1.537341284980582,2.024547668946997,2.440389987863683,3.2896701632075644,2.993356665420828,2.720216712688363,1.8442373820965459,0.0,1.5917047631362888,2.7060852529866466,2.1047920776568367,1.6525945189729703,1.8554973531539234,3.0915010913810357,6.8019793138118,4.915471544638385,5.354535443287288,4.566987037036235,3.5103047833413457,33.845299390035265,8.213975368922343,9.213327237431749,8.354404570225494,2.2364870692582697,18.512968480856404,60.652866944809965,309.70932936559524,13.966447421377199,88.20106338019121,1271.773772617368,38.53212007207033,12.417636477534797,68.77719076209415,8.55935698053668,323.151712547521,11.63550266633197,7.2346935583543095,4.2873156010361875,2.672709104162624,2.379008325908483,13.719671566626738,6.735306424916461,10.13085942183677,4.547983549408545,3.904656325624397,3.583261781990448
 TBAL2,1.3110793621841639,1.6108321803105468,1.6859576354936192,1.9798125379447402,1.8808353607831467,1.7923042049359716,1.205322768432922,1.5917047631362888,0.0,3.424057128138507,1.5785614266428782,1.3641227740964839,1.5165589765190288,2.8361395521498163,4.337796349835644,2.53721411599872,2.4928545324426965,2.096924497027322,1.9196240638651534,16.2378154186547,3.273739974347563,3.935869745697483,3.751069315576829,2.9456295713010103,29.722744942918478,21.082971502860932,9.894235784032547,270.85699588099953,179.6112890586965,95.82236285087451,67.42910528109128,10.243494071198805,66.13118814923838,19.34860942363945,3.0723795014771182,3.7724243599963243,2.8573977244346542,1.8329179951652608,1.9055576980882176,1.6890149292705934,4.9177261489301785,3.400346536014746,3.273775366349545,2.429415897135592,2.51875095853224,2.2799806206880877
 TBAL1,1.8998705181505395,2.0151764492611055,3.796365456106094,2.503757831553255,1.699463748375152,1.922669800686395,3.7323628727261813,2.7060852529866466,3.424057128138507,0.0,1.7869478644360057,1.482372367318714,1.355868206442238,2.404809959833963,2.358982219155736,2.7307987918998253,3.364682750930558,3.8032494626941538,4.81701607432217,2.49436191777453,3.7341657316705916,3.1207954756895,2.967973188378823,1.149845933241071,2.626361651213062,2.921743407247211,4.168146433979098,3.9749795080112946,3.485470720620851,3.992974137867914,2.8281105247495573,2.6689913975918182,2.1464118618231804,3.6220754475317825,14.414530571345647,10.884050984215838,4.952326861634775,2.446603717061046,2.7630035440910765,4.033489623632045,2.8818233924159498,2.4583706802626946,2.913568405394141,3.4716002283187564,3.6520096605103145,3.4031495127413667
 TBPL4,1.2767147234330065,1.1497121899774632,1.4160728350195897,1.5997551257141134,1.1577984027733812,1.2005558700428904,1.3385795093253126,2.1047920776568367,1.5785614266428782,1.7869478644360057,0.0,1.0731119661709574,1.1877903204454587,2.144553259679298,7.522999755497326,4.438804489127797,4.884577963736458,3.8847344370184267,3.602773525260148,33.61259717009946,2.8126560987940894,4.341933709493173,3.429575039460757,2.2421211167652215,12.972636298962367,27.503491882527825,103.16346994379066,20.75013918038895,16.6602173386852,14.069236236675662,17.544139636432963,556.0129450417935,33.883009961095674,10.634955499884025,2.9030052610293717,4.056213241956919,2.3158299049720297,1.3611743977417978,1.3421563526235545,1.2674466551417582,2.1540179403140853,1.7784649015956677,1.8566982050725125,1.8091067210605376,1.6988661904654592,1.401654580883985
 TBPL3,1.1898738016306092,1.1985757468317888,1.4568809244120207,1.5706064354920526,1.251686173105032,1.2821340330844893,1.3047850054737113,1.6525945189729703,1.3641227740964839,1.482372367318714,1.0731119661709574,0.0,1.0515561593777403,1.8366245944431057,23.144459274532405,6.181893122938866,6.3682260122052385,4.568525594564349,3.7091723354023123,6.291549159503912,2.4561424403491943,2.9625794747196217,2.6487647212425327,1.624096972411606,8.007534248943163,9.144597615569499,13.135306674788039,47.424582928318586,1235.598126730213,52.92160591774183,75.34040201657695,10.179566236330617,9.628663516689993,7.61250505034585,3.129326081933895,4.043903638456015,2.4444902249565588,1.471895378043704,1.461639020191307,1.421935263629624,2.381899909412934,1.9889777255530747,2.0827046006826238,1.9777556264485638,1.8564541046371263,1.6100066010306986
 TBPL2,1.2954347966340616,1.3762201442863053,1.705374655508385,1.6303295481968438,1.335288486460866,1.4001848038457503,1.432055083490674,1.8554973531539234,1.5165589765190288,1.355868206442238,1.1877903204454587,1.0515561593777403,0.0,1.6857302118407613,7.6827922267427855,372.09316365536216,207.92933639632028,14.345092065889975,6.649743739917793,3.219608230594873,2.23636640454318,2.4065001410254183,2.0738009656196827,1.4381253154875981,7.5054598740828995,7.744667525997826,9.982088251831925,18.771918330351202,10.861507018395422,11.84137317923298,7.630486926283747,4.726309187373965,4.438930813287989,4.644354485594327,2.941948637982638,3.346987490560405,2.2435435299474005,1.546436373654654,1.6911398551635064,1.7075237494985283,2.1199895943874094,1.8781450027631044,1.9834659443465816,2.018948943915183,1.9085552841489157,1.7831489126345854
 TBPL1,2.1409273987588295,2.0559947671244645,5.820060322468629,5.932367196503504,2.4537864554539794,2.541370823506363,2.1141107171183884,3.0915010913810357,2.8361395521498163,2.404809959833963,2.144553259679298,1.8366245944431057,1.6857302118407613,0.0,170.26945943192763,14.423125303399456,24.018806906922503,11.253742686636668,12.021504578768258,44.57295519742585,5.393470058176881,9.021956904246247,10.52106831001078,2.4759783539501528,6.351046060195008,9.416479238449249,34.10806709612817,21.29529625398523,99.62755847002012,22.07317278926602,38.717406100691626,8.54854099695735,6.591340625840623,3.127698699774584,5.086005778325913,10.202363332239395,6.7806628983054615,4.559489668606672,3.3412460925674288,3.2212946123344475,4.539044897550861,4.224803870237645,4.0034505747919695,2.567932502808588,2.2851531182812845,2.4646152092752223
 TL10,4.178717260532959,3.0968243335752743,2.967727389263519,40.7864012187748,24.48132747933818,15.219649449643443,3.4082824553946667,6.8019793138118,4.337796349835644,2.358982219155736,7.522999755497326,23.144459274532405,7.6827922267427855,170.26945943192763,0.0,1.2218806591354858,1.3382025639926953,1.3168939850639991,1.528992682544442,1.7007569931223752,5.295308960131266,2.861249605113617,2.1928814377589325,2.036160480750181,2.822420209284597,2.933491431555395,3.5986088935575924,3.2594621142913485,2.37993824995006,2.3667870069830506,2.0040303633301773,2.010327298938046,1.6505793439706313,2.543704893135774,27.884159624598645,11.803227709524991,11.527601199589455,5958.626544931502,6.4870779846645386,3.285921948972194,4.070204613727136,9.009173513092305,16.35961105994871,7.96284159767116,9.2767161203028,8.343656104859047
 TL09,4.210274151043174,2.758349405605809,2.557417546333086,49.203590264409925,19.551963428930378,5.496885071704833,2.1019383917087073,4.915471544638385,2.53721411599872,2.7307987918998253,4.438804489127797,6.181893122938866,372.09316365536216,14.423125303399456,1.2218806591354858,0.0,1.0981874818291373,1.1171923119248413,1.4258760390891825,1.7534971131267494,115.47409931227394,7.287094136011747,3.834224052827212,2.6042921639961536,2.7173902333998594,2.6890728089549323,3.100220732860506,2.535434448535311,2.574539229043119,2.862908406448064,2.6140398477748605,3.277084462987114,2.3629915484497586,5.200314228191042,6.4905255218885305,15.33522577230886,17.668915809171303,7.991912088031968,5.269534682570959,2.6701057479475936,8.823374765926427,27.30533592945639,19.4862298710986,4.688495983151814,4.1264639900286815,4.908366040749451
 TL08,5.162280288609533,2.7056313859709173,2.655163594903143,54.49263759124138,23.55428513897386,5.1660176702768315,2.1983253643435363,5.354535443287288,2.4928545324426965,3.364682750930558,4.884577963736458,6.3682260122052385,207.92933639632028,24.018806906922503,1.3382025639926953,1.0981874818291373,0.0,1.0380753243998349,1.3581071405929446,2.07831203781693,3.972145336551367,8.618292293064416,9.108255221438915,2.9289175385433865,2.2595631626236607,2.121431847945499,2.4182109712956774,2.1376488336107546,2.4795525134172305,3.203783456081774,2.8426006268306834,3.8380692211702994,2.610972932041203,6.493506222237003,7.638342611171283,10.621673915799626,12.598243232403572,8.915753104299135,6.812754564997917,3.3013205793151954,7.665747056717224,34.93228155975649,18.161547918087894,3.8810014925302174,3.4249476346055863,4.858999898108506
 TL07,3.6900696520762897,2.5043731828826252,2.1794417974040146,12.111302799089707,10.903733197525694,4.3100626429420075,2.049128875768249,4.566987037036235,2.096924497027322,3.8032494626941538,3.8847344370184267,4.568525594564349,14.345092065889975,11.253742686636668,1.3168939850639991,1.1171923119248413,1.0380753243998349,0.0,1.1665199452835557,1.9364159342907858,5.151086109761444,18.62308726654549,8.434619623846077,3.3191191314561075,2.508721163075417,2.44131588845678,2.82591440110894,2.439484020974545,2.7026056819448256,3.3888219595011586,3.014335174254498,4.033436654845461,2.670840904382224,5.822587943566684,4.865771111218453,7.728462990248747,8.209835089098668,6.23680316121954,4.113954662222404,2.6389430441266435,11.953639248457963,159.71516124971492,14.92705028457247,4.23134059787498,3.616496469358619,4.50595513385958
 TL06,2.68498011855117,3.2375486650773793,1.6751104927931415,2.730572366610844,8.448859566749167,3.7296313272221835,2.3432550760957995,3.5103047833413457,1.9196240638651534,4.81701607432217,3.602773525260148,3.7091723354023123,6.649743739917793,12.021504578768258,1.528992682544442,1.4258760390891825,1.3581071405929446,1.1665199452835557,0.0,3.3094282013103244,7.435852186930955,18.22852176146686,16.161647960215095,3.9059871288059016,2.7548796467740493,3.062795104285185,4.13926015575748,3.7191140396175784,3.0830692384081244,3.797547518853659,3.1739170359191347,3.6869788887737682,2.4889851742872233,3.642325547475118,2.795741503313197,4.584905100088372,4.757441136102497,4.1640933324419604,2.7772996365263687,2.0932264571323755,14.365388451700566,18.996399265660916,14.666771466416618,11.886964120914502,6.37008810808135,5.088268764467326
 TL05,35.63269518194443,7.223559765363772,10.487518275396825,2.5529705356420567,8.445021612916758,6.968396253882297,28.136856311603374,33.845299390035265,16.2378154186547,2.49436191777453,33.61259717009946,6.291549159503912,3.219608230594873,44.57295519742585,1.7007569931223752,1.7534971131267494,2.07831203781693,1.9364159342907858,3.3094282013103244,0.0,2.2191458808926607,1.5916557751731595,1.3537731074817316,2.7730821305022366,19.541090839016263,13.00023647278182,8.063842810417027,5.741530168351369,6.680698975601348,5.307702552374403,5.876409619939874,5.27063128942089,4.3953064132835085,18.10900511858964,6.978257727022186,4.258256154931334,3.820230789602702,4.094460764702481,14.353781348881727,31.967458133121536,2.639140997359127,3.7166584445369106,4.969310088077587,24.494339501960336,22.351813573530972,26.571238058650167
 TL04,6.748079859311318,3.2234544491349593,4.1269072052772975,5.552944497642401,3.277677441207847,3.0482860967617853,2.346734440169746,8.213975368922343,3.273739974347563,3.7341657316705916,2.8126560987940894,2.4561424403491943,2.23636640454318,5.393470058176881,5.295308960131266,115.47409931227394,3.972145336551367,5.151086109761444,7.435852186930955,2.2191458808926607,0.0,1.0783737591080669,1.3393760803439814,5.184319978663058,2.9300300854500363,2.516746983109784,3.016575868153827,3.005589603021015,6.216399917734704,55.020473873960235,91.17948067949203,6.681647337657226,7.56623717529961,5.113485247259932,4.50588919088082,2.7797788341634497,2.3959878973473847,2.34631322840115,5.689518887451187,5.288366597935165,3.187001868856098,2.7188553712716437,2.662467012141,2.6480622166370917,2.297347304665414,3.4334136426399358
 TL03,9.34809181410069,7.221855142698688,4.3931997261371185,4.023798373381919,4.469332775489315,3.3979722136131216,3.000895263790197,9.213327237431749,3.935869745697483,3.1207954756895,4.341933709493173,2.9625794747196217,2.4065001410254183,9.021956904246247,2.861249605113617,7.287094136011747,8.618292293064416,18.62308726654549,18.22852176146686,1.5916557751731595,1.0783737591080669,0.0,1.158772433258108,3.6991364599307355,3.9457215093202453,3.424151321612425,4.351684691589758,4.3345918739507265,19.087032424807223,10.08295675888436,12.865666653648788,4.4297207441596935,5.218388956318449,4.614409938286715,5.914445812077099,3.3471238727019923,3.0463820619766593,2.8145507143494752,12.93065683431781,14.82118681109316,3.436671562957607,3.265494424488365,2.9924499886286755,3.6191783552908885,2.7855614883881668,4.5470550168478745
 TL02,4.758558261319953,14.783375127738696,3.622429959205655,2.167315054316007,3.270910421759408,3.1694572031386827,3.429591047257115,8.354404570225494,3.751069315576829,2.967973188378823,3.429575039460757,2.6487647212425327,2.0738009656196827,10.52106831001078,2.1928814377589325,3.834224052827212,9.108255221438915,8.434619623846077,16.161647960215095,1.3537731074817316,1.3393760803439814,1.158772433258108,0.0,4.056148758092429,6.208590313836854,5.809244293337692,8.38757295088419,8.99780230817805,136.55492247513115,7.505641450292715,8.629144933138434,4.808129549313652,4.756471623754251,5.37471668072193,3.011620794924143,2.6872284596156963,2.469739984352736,2.4300108718302162,5.388073907552182,6.027831971042872,2.2267463725561876,2.5147704234370325,2.5814341271275407,5.59363337389714,4.066765197990446,5.516965529773254
 TL01,2.288130527813234,2.6347494137783936,5.696192854115383,3.5598329973601683,2.1893966655558836,2.4854932382077073,3.637197380995058,2.2364870692582697,2.9456295713010103,1.149845933241071,2.2421211167652215,1.624096972411606,1.4381253154875981,2.4759783539501528,2.036160480750181,2.6042921639961536,2.9289175385433865,3.3191191314561075,3.9059871288059016,2.7730821305022366,5.184319978663058,3.6991364599307355,4.056148758092429,0.0,2.208543297423985,2.2671131875627677,2.907167264797778,3.029890117404909,2.7418961185290236,3.4373429110473643,2.4509716006881725,2.2865259702899787,1.999985773711942,2.9463245736452177,33.53018624292844,21.16871509722269,7.3899263642898,3.145525765741656,3.6676276025776895,5.667315382784033,4.255490519305379,3.6064995043941956,4.455343161209959,4.347104899314077,4.605379534370183,4.479351463321254
 TR01,20.25423931363195,51.8353003565365,6.087274886939344,99.45895259745357,6.812053083685202,13.178010801482142,13.076255025866502,18.512968480856404,29.722744942918478,2.626361651213062,12.972636298962367,8.007534248943163,7.5054598740828995,6.351046060195008,2.822420209284597,2.7173902333998594,2.2595631626236607,2.508721163075417,2.7548796467740493,19.541090839016263,2.9300300854500363,3.9457215093202453,6.208590313836854,2.208543297423985,0.0,1.1692377050019847,1.7057456437820202,1.8399096048454757,1.999278890871258,3.1863657780100527,2.831171683816521,3.661067135824887,2.7520014111038185,5.441887799230412,9.153499107766837,12.056929027911721,8.078653193974048,14.7282455754012,7.898916747190798,186.09360164219416,26.721713640346497,259.2423509236513,572.5143449223879,25.337326099694998,31.627126050392032,37.770498776152984
 TR02,14.696556097810964,20.2406998844872,13.59488655988245,9.519908385610192,8.608537790547757,17.737924997869627,9.998612928948539,60.652866944809965,21.082971502860932,2.921743407247211,27.503491882527825,9.144597615569499,7.744667525997826,9.416479238449249,2.933491431555395,2.6890728089549323,2.121431847945499,2.44131588845678,3.062795104285185,13.00023647278182,2.516746983109784,3.424151321612425,5.809244293337692,2.2671131875627677,1.1692377050019847,0.0,1.106330286793354,1.1793037143382792,1.781245123658136,2.5943234061472626,2.5237462415315046,3.2320008876280193,2.7909048334054756,84.24602028633217,11.635872351022108,34.36174640613866,47.68152117862385,211.4487524110732,8.229847783217533,56.51661815604999,6.284729275171222,15.320575693688577,18.914860897446815,13.928735428209452,9.797294321825438,35.778190258083505
 TR03,13.825770549359294,13.981314294116133,49.60176975401639,5.531390987527746,11.612400347274736,25.358702434918214,9.783989187159818,309.70932936559524,9.894235784032547,4.168146433979098,103.16346994379066,13.135306674788039,9.982088251831925,34.10806709612817,3.5986088935575924,3.100220732860506,2.4182109712956774,2.82591440110894,4.13926015575748,8.063842810417027,3.016575868153827,4.351684691589758,8.38757295088419,2.907167264797778,1.7057456437820202,1.106330286793354,0.0,1.0454306952509997,2.0032329240140276,2.773607039317205,3.1023640905147434,4.2526835336238715,4.074323551047442,5.862571315181069,5.4795390229364,7.8212849895455525,6.480592162949091,13.623189391289998,8.858528610091422,22.044236913378302,4.648533459539158,8.711708426503495,12.432666792048796,12.080116022757087,8.406419427308093,20.902166223660352
 TR04,68.27379950043806,8.208486343384173,80.36673704657846,5.817947829520365,13.253676925703438,47.77920063018304,4.636234803395866,13.966447421377199,270.85699588099953,3.9749795080112946,20.75013918038895,47.424582928318586,18.771918330351202,21.29529625398523,3.2594621142913485,2.535434448535311,2.1376488336107546,2.439484020974545,3.7191140396175784,5.741530168351369,3.005589603021015,4.3345918739507265,8.99780230817805,3.029890117404909,1.8399096048454757,1.1793037143382792,1.0454306952509997,0.0,2.0343199167402224,2.7923238843375433,3.2889539988313077,5.822048371517099,4.389330601281499,4.83753173921524,9.849437304591191,11.164301819129353,7.2947978645308496,17.57627597435215,14.124890146495524,116.10258990335058,5.216440115767763,9.364006727650331,23.571338734499182,7.894449416038111,6.174398601085463,13.708348186292653
 TR05,15.232123969881467,8.231053132154544,5.9307060923998876,48.05695753614349,52.126147509205644,27.547442846144,6.851465217944773,88.20106338019121,179.6112890586965,3.485470720620851,16.6602173386852,1235.598126730213,10.861507018395422,99.62755847002012,2.37993824995006,2.574539229043119,2.4795525134172305,2.7026056819448256,3.0830692384081244,6.680698975601348,6.216399917734704,19.087032424807223,136.55492247513115,2.7418961185290236,1.999278890871258,1.781245123658136,2.0032329240140276,2.0343199167402224,0.0,1.1585820050848263,1.3473002582549476,1.7357810925386112,1.825798765597391,5.570486298370989,21.823388033423274,53.87305506171832,60.23309040838515,15.876960788909662,11.971881770139955,4.810533225721275,23.27290064127081,139.5794354018528,201.0818074270061,14.021131139021175,9.216012421324038,10.364115998920761
 TR06,15.056340968862232,8.757826514654546,6.272248169741639,31.363038949116977,1398.3557522053131,15.09173628607491,8.573748390764898,1271.773772617368,95.82236285087451,3.992974137867914,14.069236236675662,52.92160591774183,11.84137317923298,22.07317278926602,2.3667870069830506,2.862908406448064,3.203783456081774,3.3888219595011586,3.797547518853659,5.307702552374403,55.020473873960235,10.08295675888436,7.505641450292715,3.4373429110473643,3.1863657780100527,2.5943234061472626,2.773607039317205,2.7923238843375433,1.1585820050848263,0.0,1.0927188133596297,1.311239143104254,1.4867499734889191,2.830305524702646,20.704953138074337,12.117010188620448,16.607758023839132,17.70365661549432,17.264584976869028,4.680160670539182,19.54799005836116,452.1681174115402,106.66533793616999,21.96754169749189,10.141477947517869,7.997499502660088
 TR07,13.524918209020585,10.101839514824517,4.638979001719708,11.31224382297204,62.749837430270674,11.680968914408252,6.929095060852445,38.53212007207033,67.42910528109128,2.8281105247495573,17.544139636432963,75.34040201657695,7.630486926283747,38.717406100691626,2.0040303633301773,2.6140398477748605,2.8426006268306834,3.014335174254498,3.1739170359191347,5.876409619939874,91.17948067949203,12.865666653648788,8.629144933138434,2.4509716006881725,2.831171683816521,2.5237462415315046,3.1023640905147434,3.2889539988313077,1.3473002582549476,1.0927188133596297,0.0,1.1185480380591994,1.2068596982494744,2.0862263237609215,42.59274071755279,27.1521926318117,1594.2734072766311,9.733176443893996,16.734828488833365,3.8970635889147665,26.07183570700357,19.408629678530346,23.215141676521018,10.20155026470212,6.24074704882463,5.2033794255995165
 TR08,888.6131186928197,50.88008863334306,6.793533370095581,23.807363922390714,15.657892777371421,139.3715096075176,114.65451793487063,12.417636477534797,10.243494071198805,2.6689913975918182,556.0129450417935,10.179566236330617,4.726309187373965,8.54854099695735,2.010327298938046,3.277084462987114,3.8380692211702994,4.033436654845461,3.6869788887737682,5.27063128942089,6.681647337657226,4.4297207441596935,4.808129549313652,2.2865259702899787,3.661067135824887,3.2320008876280193,4.2526835336238715,5.822048371517099,1.7357810925386112,1.311239143104254,1.1185480380591994,0.0,1.0893843289964456,1.6882041885398738,23.495166990653942,318.6749998142102,30.411955575879393,34.22220378646987,39.354937649198526,4.465817527290989,11.198455988811483,37.61221822662683,13.686363715430252,28.05916358756523,70.76728613486884,11.697597743511565
 TR09,21.701624001703102,62.912534890581504,4.049116728335367,11.298638997047448,8.9750213620561,144.36334453037253,15.649005225338328,68.77719076209415,66.13118814923838,2.1464118618231804,33.883009961095674,9.628663516689993,4.438930813287989,6.591340625840623,1.6505793439706313,2.3629915484497586,2.610972932041203,2.670840904382224,2.4889851742872233,4.3953064132835085,7.56623717529961,5.218388956318449,4.756471623754251,1.999985773711942,2.7520014111038185,2.7909048334054756,4.074323551047442,4.389330601281499,1.825798765597391,1.4867499734889191,1.2068596982494744,1.0893843289964456,0.0,1.593979197477726,15.629764295940257,23.825624127620053,167.51935615077988,20.51536139733001,26.223713903021395,3.9440403743440435,12.136455833241985,37.66162263085306,21.799932077670555,494.3779020363728,18.76446946320014,10.186238485882754
 TR10,14.668852952633609,14.357995950372661,4.055506286307804,5.574165126555738,8.346604143783269,88.10244953949781,5.6963573220742365,8.55935698053668,19.34860942363945,3.6220754475317825,10.634955499884025,7.61250505034585,4.644354485594327,3.127698699774584,2.543704893135774,5.200314228191042,6.493506222237003,5.822587943566684,3.642325547475118,18.10900511858964,5.113485247259932,4.614409938286715,5.37471668072193,2.9463245736452177,5.441887799230412,84.24602028633217,5.862571315181069,4.83753173921524,5.570486298370989,2.830305524702646,2.0862263237609215,1.6882041885398738,1.593979197477726,0.0,6.761998789444077,10.163531715420186,8.330805085467189,8.30104773831997,12.022271999399896,5.208856854559809,25.19426979659029,406.9319036528736,20.60883437973955,5.981250916061388,7.0892247087836475,20.34220369080847
 TBPR1,3.713891815932846,5.366161122188188,2.353403593658103,1.940747009764629,2.992802091786094,2.8793990798568867,3.75109901012649,323.151712547521,3.0723795014771182,14.414530571345647,2.9030052610293717,3.129326081933895,2.941948637982638,5.086005778325913,27.884159624598645,6.4905255218885305,7.638342611171283,4.865771111218453,2.795741503313197,6.978257727022186,4.50588919088082,5.914445812077099,3.011620794924143,33.53018624292844,9.153499107766837,11.635872351022108,5.4795390229364,9.849437304591191,21.823388033423274,20.704953138074337,42.59274071755279,23.495166990653942,15.629764295940257,6.761998789444077,0.0,1.482979709893763,1.4105500902996533,2.291528511880042,2.1908874925550315,2.119157501419346,1.5291477421525368,1.9221999003250876,1.8058762741806187,2.9521716687489405,3.307887977623523,3.2761532503506765
 TBPR2,5.560755762012466,8.047137925454162,3.9775265340907904,2.916940974175164,4.050326942824938,5.094991937439896,4.275753072021328,11.63550266633197,3.7724243599963243,10.884050984215838,4.056213241956919,4.043903638456015,3.346987490560405,10.202363332239395,11.803227709524991,15.33522577230886,10.621673915799626,7.728462990248747,4.584905100088372,4.258256154931334,2.7797788341634497,3.3471238727019923,2.6872284596156963,21.16871509722269,12.056929027911721,34.36174640613866,7.8212849895455525,11.164301819129353,53.87305506171832,12.117010188620448,27.1521926318117,318.6749998142102,23.825624127620053,10.163531715420186,1.482979709893763,0.0,1.282355438316984,2.5293893101913896,3.3131487380068587,2.254263625406486,1.7874246846360813,2.16164690008222,2.4710515539572624,3.796550481718633,3.3829860051844256,4.494947984822054
 TBPR3,3.131371272968148,2.853878719290404,2.2854746951660116,1.9137916374339157,1.8157404341417724,2.0370168380133866,2.9500246002158272,7.2346935583543095,2.8573977244346542,4.952326861634775,2.3158299049720297,2.4444902249565588,2.2435435299474005,6.7806628983054615,11.527601199589455,17.668915809171303,12.598243232403572,8.209835089098668,4.757441136102497,3.820230789602702,2.3959878973473847,3.0463820619766593,2.469739984352736,7.3899263642898,8.078653193974048,47.68152117862385,6.480592162949091,7.2947978645308496,60.23309040838515,16.607758023839132,1594.2734072766311,30.411955575879393,167.51935615077988,8.330805085467189,1.4105500902996533,1.282355438316984,0.0,1.6097769786349247,2.0244674315410314,1.7509788686955445,1.364546439212083,1.329865719552443,1.3552814890115976,1.7103873244555834,1.810592332550702,2.191186706421588
 TBPR4,1.8294127137948513,1.605235626847264,1.3817109510053471,1.4064308887610095,1.3173876851076776,1.2965143412268918,1.5708442913158212,4.2873156010361875,1.8329179951652608,2.446603717061046,1.3611743977417978,1.471895378043704,1.546436373654654,4.559489668606672,5958.626544931502,7.991912088031968,8.915753104299135,6.23680316121954,4.1640933324419604,4.094460764702481,2.34631322840115,2.8145507143494752,2.4300108718302162,3.145525765741656,14.7282455754012,211.4487524110732,13.623189391289998,17.57627597435215,15.876960788909662,17.70365661549432,9.733176443893996,34.22220378646987,20.51536139733001,8.30104773831997,2.291528511880042,2.5293893101913896,1.6097769786349247,0.0,1.532153777566783,1.3083065341746158,1.8229103960063393,1.5128180539256904,1.62068537965316,2.0413505523119753,1.8114662182998287,1.504566802003804
 TBAR3,1.5709510230233958,1.5073478322007166,1.3404182604533188,1.4618614597130468,1.354622557483805,1.333869828628777,1.7982712508847083,2.672709104162624,1.9055576980882176,2.7630035440910765,1.3421563526235545,1.461639020191307,1.6911398551635064,3.3412460925674288,6.4870779846645386,5.269534682570959,6.812754564997917,4.113954662222404,2.7772996365263687,14.353781348881727,5.689518887451187,12.93065683431781,5.388073907552182,3.6676276025776895,7.898916747190798,8.229847783217533,8.858528610091422,14.124890146495524,11.971881770139955,17.264584976869028,16.734828488833365,39.354937649198526,26.223713903021395,12.022271999399896,2.1908874925550315,3.3131487380068587,2.0244674315410314,1.532153777566783,0.0,1.2467636237591913,2.620258724791892,2.6187107970392534,2.6475478772043335,2.52759586433152,2.1089398745916044,1.5090876717195483
 TBAR4,1.5218168317936194,1.5065731295407703,1.2718063293644435,1.4017156352575506,1.3547873265995676,1.329017699557385,1.5653462673839689,2.379008325908483,1.6890149292705934,4.033489623632045,1.2674466551417582,1.421935263629624,1.7075237494985283,3.2212946123344475,3.285921948972194,2.6701057479475936,3.3013205793151954,2.6389430441266435,2.0932264571323755,31.967458133121536,5.288366597935165,14.82118681109316,6.027831971042872,5.667315382784033,186.09360164219416,56.51661815604999,22.044236913378302,116.10258990335058,4.810533225721275,4.680160670539182,3.8970635889147665,4.465817527290989,3.9440403743440435,5.208856854559809,2.119157501419346,2.254263625406486,1.7509788686955445,1.3083065341746158,1.2467636237591913,0.0,2.123032002302749,1.883971014133869,2.046774025680416,2.3341239573457893,1.8791699100874966,1.4650369754612924
 TLR01,3.590330325284157,3.6790501188888034,2.657903899051984,1.6523182267957426,1.8778218456133042,1.9661810100097574,3.7993619014345197,13.719671566626738,4.9177261489301785,2.8818233924159498,2.1540179403140853,2.381899909412934,2.1199895943874094,4.539044897550861,4.070204613727136,8.823374765926427,7.665747056717224,11.953639248457963,14.365388451700566,2.639140997359127,3.187001868856098,3.436671562957607,2.2267463725561876,4.255490519305379,26.721713640346497,6.284729275171222,4.648533459539158,5.216440115767763,23.27290064127081,19.54799005836116,26.07183570700357,11.198455988811483,12.136455833241985,25.19426979659029,1.5291477421525368,1.7874246846360813,1.364546439212083,1.8229103960063393,2.620258724791892,2.123032002302749,0.0,1.1744950368470737,1.284314113845244,2.200281777388336,2.013372114175081,2.2388297419978542
 TLR02,2.359737743304192,2.284225115940128,2.676114058087788,1.8740942126314046,1.4553024434198472,1.7759480674729793,2.4090446746925296,6.735306424916461,3.400346536014746,2.4583706802626946,1.7784649015956677,1.9889777255530747,1.8781450027631044,4.224803870237645,9.009173513092305,27.30533592945639,34.93228155975649,159.71516124971492,18.996399265660916,3.7166584445369106,2.7188553712716437,3.265494424488365,2.5147704234370325,3.6064995043941956,259.2423509236513,15.320575693688577,8.711708426503495,9.364006727650331,139.5794354018528,452.1681174115402,19.408629678530346,37.61221822662683,37.66162263085306,406.9319036528736,1.9221999003250876,2.16164690008222,1.329865719552443,1.5128180539256904,2.6187107970392534,1.883971014133869,1.1744950368470737,0.0,1.0742164999623156,1.3713564795709132,1.4840461396656368,1.7969159236961167
 TLR03,2.5832843913302574,2.3968529789319253,2.6215494412171894,2.036981465637525,1.4707227345107141,1.692594820987,2.210159869484543,10.13085942183677,3.273775366349545,2.913568405394141,1.8566982050725125,2.0827046006826238,1.9834659443465816,4.0034505747919695,16.35961105994871,19.4862298710986,18.161547918087894,14.92705028457247,14.666771466416618,4.969310088077587,2.662467012141,2.9924499886286755,2.5814341271275407,4.455343161209959,572.5143449223879,18.914860897446815,12.432666792048796,23.571338734499182,201.0818074270061,106.66533793616999,23.215141676521018,13.686363715430252,21.799932077670555,20.60883437973955,1.8058762741806187,2.4710515539572624,1.3552814890115976,1.62068537965316,2.6475478772043335,2.046774025680416,1.284314113845244,1.0742164999623156,0.0,1.2381801016795524,1.3837651564098523,1.751553703431122
 TLR04,2.117001324244229,1.7062882166862718,3.212969852850351,3.9505607806281104,1.4589977054224548,1.7001493634855656,1.6973981535577969,4.547983549408545,2.429415897135592,3.4716002283187564,1.8091067210605376,1.9777556264485638,2.018948943915183,2.567932502808588,7.96284159767116,4.688495983151814,3.8810014925302174,4.23134059787498,11.886964120914502,24.494339501960336,2.6480622166370917,3.6191783552908885,5.59363337389714,4.347104899314077,25.337326099694998,13.928735428209452,12.080116022757087,7.894449416038111,14.021131139021175,21.96754169749189,10.20155026470212,28.05916358756523,494.3779020363728,5.981250916061388,2.9521716687489405,3.796550481718633,1.7103873244555834,2.0413505523119753,2.52759586433152,2.3341239573457893,2.200281777388336,1.3713564795709132,1.2381801016795524,0.0,1.1101935856516958,1.382048796040417
 TLR05,2.2571065598185265,1.7409299962486373,2.295451789742574,2.7058350682934167,1.4350305861334904,1.4559510246767844,1.6017417186314031,3.904656325624397,2.51875095853224,3.6520096605103145,1.6988661904654592,1.8564541046371263,1.9085552841489157,2.2851531182812845,9.2767161203028,4.1264639900286815,3.4249476346055863,3.616496469358619,6.37008810808135,22.351813573530972,2.297347304665414,2.7855614883881668,4.066765197990446,4.605379534370183,31.627126050392032,9.797294321825438,8.406419427308093,6.174398601085463,9.216012421324038,10.141477947517869,6.24074704882463,70.76728613486884,18.76446946320014,7.0892247087836475,3.307887977623523,3.3829860051844256,1.810592332550702,1.8114662182998287,2.1089398745916044,1.8791699100874966,2.013372114175081,1.4840461396656368,1.3837651564098523,1.1101935856516958,0.0,1.1417126088023986
 TLR06,1.8828136606893557,1.544151944680099,1.6610555648804728,1.841049423966616,1.2735714098701711,1.230172944398955,1.5998866977121629,3.583261781990448,2.2799806206880877,3.4031495127413667,1.401654580883985,1.6100066010306986,1.7831489126345854,2.4646152092752223,8.343656104859047,4.908366040749451,4.858999898108506,4.50595513385958,5.088268764467326,26.571238058650167,3.4334136426399358,4.5470550168478745,5.516965529773254,4.479351463321254,37.770498776152984,35.778190258083505,20.902166223660352,13.708348186292653,10.364115998920761,7.997499502660088,5.2033794255995165,11.697597743511565,10.186238485882754,20.34220369080847,3.2761532503506765,4.494947984822054,2.191186706421588,1.504566802003804,1.5090876717195483,1.4650369754612924,2.2388297419978542,1.7969159236961167,1.751553703431122,1.382048796040417,1.1417126088023986,0.0
