, TLL06, TLL05, TLL04, TLL03, TLL02, TLL01, TBAL4, TBAL3, TBAL2, TBAL1, TBPL4, TBPL3, TBPL2, TBPL1, TL10, TL09, TL08, TL07, TL06, TL05, TL04, TL03, TL02, TL01, TR01, TR02, TR03, TR04, TR05, TR06, TR07, TR08, TR09, TR10, TBPR1, TBPR2, TBPR3, TBPR4, TBAR3, TBAR4, TLR01, TLR02, TLR03, TLR04, TLR05, TLR06
 TLL06,0.0,1.4353895734342106,1.1131702506712515,1.293322914815542,1.4312142411040176,1.2686965640984,1.4983881362712557,1.2474191093679579,1.2981132890915448,1.5754871862943338,1.286365708294597,2.070088848338631,2.4067713600084675,4.199275024349193,3.350367337192299,2.533903345229443,2.300876052333184,2.6682695131593825,3.8357193111467547,1.763155129049718,1.3739834942044353,1.3350118884107154,1.334996027119638,46.60291309056681,1.307113775279234,1.2831330567153585,1.3852517728917872,1.5208118436913374,1.3990210128721894,1.4887756894038149,1.4322773935626518,1.46218713928564,1.5064100906145577,1.5077780493137036,3.3932534515146973,2.0724404650214145,1.4585353095269338,1.3950304558990796,2.0997831134861182,3.472338965835748,6.814977461532315,4.541512276967396,3.9663944329877783,4.7594917822023755,3.3486795700448364,3.285550463231123
 TLL05,1.4353895734342106,0.0,1.525493331281172,1.447051432436779,1.70685701752979,1.7113430030944503,2.3542791611629847,1.584930295627818,1.792963896820599,2.791340383535359,1.6026352724988453,2.03207806273594,2.363127112311653,3.1847964633289174,2.9038186230257006,2.438323174043214,2.47145717138544,2.747056905568846,3.435267378613638,4.739829641205953,2.647873570422179,2.5449993009087026,2.2285343925318823,7.108269511130474,2.7884096066763564,2.553918842058743,2.4941991043363494,2.6506522673026054,2.4554279474433875,2.5054238216599134,2.4361479720356773,2.47555030566931,2.6266028144793236,2.7364813199221594,2.498152419515352,2.307152182921588,1.7343900518193958,1.831825083574993,2.445864052825894,3.0508699981469967,8.193364503694024,5.898532044145135,4.46245120857425,4.57481099554053,3.4243390254994504,4.126788007999419
 TLL04,1.1131702506712515,1.525493331281172,0.0,1.3407995822582992,1.7294503450935146,1.394281352541894,1.4536864780351095,1.389120882070725,1.427107627820789,1.4859434150787751,1.4239664584566245,2.8752132767932848,3.4990092804335493,9.325407264862234,6.803352918522417,4.274959788062348,3.5597473800525967,4.639738656316498,10.964745882493524,1.49506212854937,1.3632326654741576,1.2474236324954293,1.4160709454715865,6.205496725219826,1.2252039794487561,1.2584684829568364,1.4868847581744207,1.7432886102206382,1.4839236870433448,1.5616012217992155,1.4808459783003916,1.5400001175639813,1.6185772960517042,1.595909613217675,3.1460916536059376,2.3950345519674916,1.5012112061331588,1.4442300861043347,2.4530887012765104,7.948724793677771,6.500364289021536,3.204670739156023,2.8663798617268403,3.071855882277143,2.546909249637421,2.695598654585159
 TLL03,1.293322914815542,1.447051432436779,1.3407995822582992,0.0,1.1627549796427945,1.3434978108154598,1.9149511777337649,1.3317162045371134,1.4719471327034612,2.273589499647985,1.4014109270803194,1.9123118224139142,2.216897375707828,3.2916885091190022,2.52036756607512,2.209749559644341,2.137873250525715,2.3559244949274323,2.8264209999848453,2.854325188311106,1.7839811930922225,1.8294899675324543,1.5832017711851478,10.338719579395164,1.9852148423054643,1.8003476842977861,1.76273563454308,1.8041742313469111,2.2029090622343093,2.3708784783838555,2.081153138101258,1.9153989033081202,1.8218961397548636,2.0542830519257747,2.943459137436061,1.5781998656894918,1.4246021097036508,1.5827569527871383,3.082177082245993,2.715074148966179,6.140602833184264,4.219737421845577,3.14042318543426,3.0431137401180344,2.194619954434342,2.9330806047143883
 TLL02,1.4312142411040176,1.70685701752979,1.7294503450935146,1.1627549796427945,0.0,1.1753720662027574,2.5618293395475478,1.4356734728202385,1.5239600838018446,2.709255695218883,1.610629254084767,1.8431241842369555,2.089739298360343,3.087176708886391,2.0713319447594314,1.7888123423889015,1.856064894974138,1.975464692620973,2.148445655737525,4.731703718300201,2.0884340524350775,2.34696437821614,1.6587847047350703,5.435603838824718,2.0297911105706703,1.7666205271953976,1.57292893772086,1.5536405541531604,2.1961362616671516,2.714235577622282,2.4779529309443884,2.030029045363103,1.7889099055589697,2.1014281224916287,7.593359859898268,1.8103340171889268,1.4458273021797496,1.4137489152847393,3.1130597326463536,1.8863992532522338,6.9101394693774925,7.922669013642401,5.424574393453109,6.227520681244636,3.8796521460949105,7.430291164736558
 TLL01,1.2686965640984,1.7113430030944503,1.394281352541894,1.3434978108154598,1.1753720662027574,0.0,2.1203350227012243,1.3697198655506466,1.41489230510369,2.1296873439750255,1.5000757067340285,1.9446899414047891,2.27415144768702,3.606238881258266,2.4990045614325593,2.1132648950383857,2.1108503367567404,2.3154118405470894,2.7706479898433636,2.5710284947912245,1.6678944196427932,1.7736380206440086,1.4519713640172354,13.350980060401975,1.4288162765809205,1.3424457889978771,1.3120799882861174,1.3782079717075955,1.7206290145915442,2.0003445059787035,1.8411115561119993,1.6408988510019653,1.5158258914364469,1.7527744041975846,36.04986709238123,3.105527899364492,1.590257286486477,1.2328185952602337,2.7019387555996137,2.044989409260436,20.80499939882167,11.450971334450905,7.900424914409959,16.9136145109664,6.257413324765023,14.579854082904635
 TBAL4,1.4983881362712557,2.3542791611629847,1.4536864780351095,1.9149511777337649,2.5618293395475478,2.1203350227012243,0.0,1.4953829595100014,1.962787988367843,1.2339378503309604,1.495166290129684,9.510952826687559,12.829909163800895,5.457845156233522,20.126477259589638,8.32263929864089,12.053109444959409,13.817706546402293,28.535944204996106,1.600127788669326,1.9991291993146993,1.57367926801519,2.4518099596749563,2.1018903192270946,1.8122356824824755,1.965084028232304,2.8223178395107813,3.541612923501319,1.6971775946392993,1.7209326574222599,1.7021065868304672,2.0309763014859628,2.2876241578923655,2.070760638627448,5.21852651979721,3.6338614461845333,3.0351110483120203,3.1784410417581093,5.484343972091782,9.214343114672387,4.09703406017434,2.7420563329444736,3.4664946917914268,3.241451198435786,3.491300914102038,3.139359361236288
 TBAL3,1.2474191093679579,1.584930295627818,1.389120882070725,1.3317162045371134,1.4356734728202385,1.3697198655506466,1.4953829595100014,0.0,1.1094329811473145,1.6228307060730751,1.0456607540646774,1.3466902228924562,1.4835768956998001,2.208409795054402,1.9070350008464991,1.8989078277041407,1.6471543549909307,1.746995875511512,2.0472337319611142,2.4637389440555304,1.4408266261332232,1.5356241734676652,1.2211803706863247,7.109896817249875,1.5453999908036635,1.4119450615538103,1.344552452377921,1.375026619063139,1.5010202264587502,1.6932905357158552,1.5198819183095318,1.4016035265633022,1.4016178186308637,1.550239288566065,4.945119698006674,3.0030104333730776,1.6142927516265344,1.371647456023007,2.2227199665446284,2.2020346566109534,9.516337556572271,17.630868098720008,15.379578999830668,53.369015776087984,12.625611125115308,11.483292364485921
 TBAL2,1.2981132890915448,1.792963896820599,1.427107627820789,1.4719471327034612,1.5239600838018446,1.41489230510369,1.962787988367843,1.1094329811473145,0.0,1.4819639292652103,1.157642849440209,1.2939090773963695,1.415444592220682,2.0287520149156597,1.7259536407062286,1.8654022063109563,1.523718791469176,1.6348554379818923,1.9795187232973614,2.601132143416209,1.3712401829988152,1.5394299117794763,1.1339097915067047,4.778803422572042,1.4371444966629647,1.320569455923796,1.2466311041440625,1.2900874768228436,1.6450168572340131,1.9086749263345555,1.7063513091089295,1.501083568271881,1.5000587204636553,1.7453750411563203,5.811847959849425,3.5279867456390805,1.6872419814238604,1.3277949229458266,2.299834987420195,2.1418944959261106,12.585914470898377,28.75157439947824,13.733917059155782,47.475637405472035,11.85827429643198,11.3767643624137
 TBAL1,1.5754871862943338,2.791340383535359,1.4859434150787751,2.273589499647985,2.709255695218883,2.1296873439750255,1.2339378503309604,1.6228307060730751,1.4819639292652103,0.0,1.748651878921891,7.0965422055167,9.625226038249867,5.317863779745723,67.6713720305323,11.499685718515407,9.131362203974984,12.33128392593672,256.5464191874891,1.5073383310034516,1.6903721495398776,1.4495510775612543,1.8981309660068975,2.06560447120878,1.5077070587991466,1.61089726967375,2.0663718139872738,2.465735222967815,1.8573252513361587,1.9994684363727846,1.9925035691905413,2.2628752139957036,2.4799619796370695,2.3479849849871095,6.525324229139801,5.53661417416654,3.014249530885559,2.260166182174154,6.357720566787286,11.593495561004083,6.406278655097493,3.1404815576934926,3.977885242860047,4.11463720624552,4.9340559042615215,4.947117446663751
 TBPL4,1.286365708294597,1.6026352724988453,1.4239664584566245,1.4014109270803194,1.610629254084767,1.5000757067340285,1.495166290129684,1.0456607540646774,1.157642849440209,1.748651878921891,0.0,1.290034895720552,1.3889380740571553,1.8913549571435144,1.8312795476175534,1.8475772363763772,1.5471860051381556,1.6218419532601913,1.8847830905266623,2.887811833018457,1.5230893093981301,1.6464667085449345,1.2855842783823073,4.700864118838174,1.7104335497173537,1.5555859079994043,1.4849089255178032,1.5318305264238103,1.6215013598243018,1.8123972165935587,1.6254246685933447,1.501604636542427,1.511146687471049,1.725811131602518,4.571583540651037,3.242092137291646,1.8222396492341981,1.5896784510961708,2.1272416643616667,2.399737339889783,5.9132165052007535,14.177680647139576,11.874010020122528,20.698636237325402,8.08613277387474,7.91796869655041
 TBPL3,2.070088848338631,2.03207806273594,2.8752132767932848,1.9123118224139142,1.8431241842369555,1.9446899414047891,9.510952826687559,1.3466902228924562,1.2939090773963695,7.0965422055167,1.290034895720552,0.0,1.0360234841056826,1.1273551513248738,1.1992610076435641,1.4309704178071503,1.173189442043725,1.2050814562079706,1.3226830379555525,7.64771380653064,2.431110691405456,4.207037380049823,1.459105094827079,1.418428740769174,3.5246322946472324,2.4871261732509544,1.7246996298033817,1.618584500109584,3.259290886038855,4.404695311615152,3.395351660543057,2.2825093722004524,2.1173357398614545,3.081695490519467,7.909627154094692,5.1796461312153275,2.2014482180574886,1.7208992945919768,2.1313580291152503,1.522248512512655,22.447837448288542,4.904587447199028,8.19261196969288,5.591401589836648,14.07072698137011,10.844305801537365
 TBPL2,2.4067713600084675,2.363127112311653,3.4990092804335493,2.216897375707828,2.089739298360343,2.27415144768702,12.829909163800895,1.4835768956998001,1.415444592220682,9.625226038249867,1.3889380740571553,1.0360234841056826,0.0,1.096476605671711,1.1733896950375644,1.4013924223295904,1.1712959992703706,1.1804364509308374,1.2562676462472868,4.100968409084156,3.4322685748924613,8.430519107797615,1.6651796522822664,1.3761675676163394,4.70972472191457,3.0764100559062193,1.9893170234277255,1.8239910350000037,5.182520601720543,8.45403863766001,5.465427613982573,3.018194693480598,2.6980840585509775,4.271534115607118,13.35170417769719,6.485558612887794,2.678645632109185,2.070885638735986,2.545267991815951,1.7288365222276747,45.71414761013572,4.392354413160224,6.103235046766324,4.625364681850594,10.058382077269245,8.187771728299678
 TBPL1,4.199275024349193,3.1847964633289174,9.325407264862234,3.2916885091190022,3.087176708886391,3.606238881258266,5.457845156233522,2.208409795054402,2.0287520149156597,5.317863779745723,1.8913549571435144,1.1273551513248738,1.096476605671711,0.0,1.211734360810794,1.5041555238676814,1.2377573889839133,1.2400177632019753,1.3170958830269828,2.6208411484622065,6.969342569833081,14.145761187338207,2.236194114349395,1.1250275460999246,21.325478263142873,6.031259074665543,2.6881699620041477,2.3391560642433538,16.188511292037237,355.0149663304511,15.910028583823516,4.364240283528898,3.5744320747157103,8.045303281950497,18.766581317039076,12.002769083327864,3.8135527565279856,3.1253354863029377,2.63561895060288,1.7137410678144793,51.15029673700763,3.378459678756652,4.675951390664712,3.708978264092148,6.646751720449799,6.321649098039957
 TL10,3.350367337192299,2.9038186230257006,6.803352918522417,2.52036756607512,2.0713319447594314,2.4990045614325593,20.126477259589638,1.9070350008464991,1.7259536407062286,67.6713720305323,1.8312795476175534,1.1992610076435641,1.1733896950375644,1.211734360810794,0.0,1.115377044278272,1.0701000000321303,1.0600667355063187,1.0757130467707805,2.7275701269895762,6.057471114438867,22.615357868789445,2.055813197635116,1.3470374055115566,8.392787398775058,4.070317765620621,2.164944400740013,1.8441344515561056,10.430723233225937,71.2270517351573,10.179248017605447,3.394908142738096,3.0417193871528565,5.199007546520648,9.910416096352757,10.536199055511924,3.3606940727480072,2.5953134998161764,4.6537201231580925,1.7116346985413275,64.78676993415223,2.8794927396212113,3.8914504282928175,3.4480377816575563,5.1149402366201056,4.925082655733329
 TL09,2.533903345229443,2.438323174043214,4.274959788062348,2.209749559644341,1.7888123423889015,2.1132648950383857,8.32263929864089,1.8989078277041407,1.8654022063109563,11.499685718515407,1.8475772363763772,1.4309704178071503,1.4013924223295904,1.5041555238676814,1.115377044278272,0.0,1.078622281117277,1.0865998418891254,1.1095000576144631,3.5153337455395897,6.430745986018646,78.79700653483593,2.3727746590581424,1.6914333886109165,5.398732978322575,3.4807909542724693,2.2037255196362815,1.921743987720391,5.134076328929995,8.339979126768545,5.471811851165089,2.832232893006368,2.6617191465121675,3.5524341649942013,6.472132773141457,9.08305446543044,3.5760865010667335,2.4700760376378983,5.113247768209726,2.055046505256649,11.73323603495908,3.8395214751362454,4.672502787688462,4.248108796924127,6.529251471550226,6.954912847809585
 TL08,2.300876052333184,2.47145717138544,3.5597473800525967,2.137873250525715,1.856064894974138,2.1108503367567404,12.053109444959409,1.6471543549909307,1.523718791469176,9.131362203974984,1.5471860051381556,1.173189442043725,1.1712959992703706,1.2377573889839133,1.0701000000321303,1.078622281117277,0.0,1.0130127395772672,1.0717781004598252,4.9661457786863545,2.925349589799439,6.676733428337179,1.6790991402825015,1.4328439339899948,3.7879939730155505,2.646833783143745,1.7949433292229005,1.6230285158392554,4.333287591222591,7.135442221576067,4.551557423703252,2.467779815975698,2.2757199793716163,3.170218400947985,13.256538406624266,9.284089438146761,3.0778940718437147,2.1849435810194264,3.776965567168226,1.849576697679312,11.565097535918596,3.853281615934143,5.067845722988726,4.006175116428396,6.070957793282447,6.118885459954002
 TL07,2.6682695131593825,2.747056905568846,4.639738656316498,2.3559244949274323,1.975464692620973,2.3154118405470894,13.817706546402293,1.746995875511512,1.6348554379818923,12.33128392593672,1.6218419532601913,1.2050814562079706,1.1804364509308374,1.2400177632019753,1.0600667355063187,1.0865998418891254,1.0130127395772672,0.0,1.0273608113807562,4.034430841048663,3.5486598329672483,12.839118863119774,1.851079028404075,1.4231205781724345,4.92495283178935,3.1423421344865763,1.9733912247569367,1.7414853017065965,5.668043188053705,11.751138183959421,5.99398025016019,2.7763075887208886,2.496502357093872,3.702210905535721,8.543717616616176,13.145380543517305,3.6271123109711003,2.5624293356535004,4.113387940705054,1.9205809915436247,10.388349608961843,3.613190780777624,4.313525784715732,3.6306373977795374,5.207074971451759,5.302907398925359
 TL06,3.8357193111467547,3.435267378613638,10.964745882493524,2.8264209999848453,2.148445655737525,2.7706479898433636,28.535944204996106,2.0472337319611142,1.9795187232973614,256.5464191874891,1.8847830905266623,1.3226830379555525,1.2562676462472868,1.3170958830269828,1.0757130467707805,1.1095000576144631,1.0717781004598252,1.0273608113807562,0.0,2.8802882657687925,6.693233272524833,16.712989917149386,2.386168023233213,1.4473444091462566,11.761996110624718,4.95706571514835,2.4753438497582665,2.04697921057291,11.617866038837583,704.7182494675828,12.771935247913891,3.621052784840027,3.097644969470146,5.161543179719598,5.291607335580308,22.93097716412301,5.157747836694118,3.555470571419631,5.587457325233275,2.0178856603678006,10.091897766633345,3.289428443561238,3.627607165854467,3.26878305665764,4.347501934257163,4.532043785968166
 TL05,1.763155129049718,4.739829641205953,1.49506212854937,2.854325188311106,4.731703718300201,2.5710284947912245,1.600127788669326,2.4637389440555304,2.601132143416209,1.5073383310034516,2.887811833018457,7.64771380653064,4.100968409084156,2.6208411484622065,2.7275701269895762,3.5153337455395897,4.9661457786863545,4.034430841048663,2.8802882657687925,0.0,1.2466236046417978,1.124710816661424,1.80766849625284,1.6816037208955867,1.342823359579587,1.4649019548601805,2.0192703875353093,2.6052046334220056,1.5397580279172804,1.585530965470861,1.5120900327182578,1.7088862695318794,1.803162146203941,1.719572102701409,4.939942770942927,5.265872969475321,3.051580912748512,2.609268191414996,5.922469235497153,5.9361557438947665,5.98551814088193,2.764025432296951,3.1159774714988786,3.3534339094347168,3.7464148670347464,3.572883412752274
 TL04,1.3739834942044353,2.647873570422179,1.3632326654741576,1.7839811930922225,2.0884340524350775,1.6678944196427932,1.9991291993146993,1.4408266261332232,1.3712401829988152,1.6903721495398776,1.5230893093981301,2.431110691405456,3.4322685748924613,6.969342569833081,6.057471114438867,6.430745986018646,2.925349589799439,3.5486598329672483,6.693233272524833,1.2466236046417978,0.0,1.054256348701402,1.0962434525603282,11.084781044185362,1.2006205679436384,1.177878128823183,1.258293192217898,1.3749697589822933,1.3785311116459,1.5218586885288352,1.377167315420222,1.3129109267347094,1.3096183347160275,1.4197186730638534,5.218887733018761,4.34279164936599,1.9302630136380277,1.51435520586203,2.931845695831736,4.277489542387009,5.7925268230666145,5.8850467637768595,5.302477085933656,8.044965784063438,6.894886772740228,6.667200609850858
 TL03,1.3350118884107154,2.5449993009087026,1.2474236324954293,1.8294899675324543,2.34696437821614,1.7736380206440086,1.57367926801519,1.5356241734676652,1.5394299117794763,1.4495510775612543,1.6464667085449345,4.207037380049823,8.430519107797615,14.145761187338207,22.615357868789445,78.79700653483593,6.676733428337179,12.839118863119774,16.712989917149386,1.124710816661424,1.054256348701402,0.0,1.2410666546245286,3.1985331299282294,1.1866612427471936,1.2197988452381763,1.4454900098251156,1.6742794591123922,1.321322182305747,1.4022592064116617,1.3259167630706494,1.3949643110458678,1.4409340179632686,1.4461212857850947,3.913850554103901,3.7841239458241027,1.9966296190537305,1.5818277385334965,2.9906384518579827,13.22604294765097,4.930032029091327,3.403904533348904,3.5164218110756296,4.391592746498053,4.21928551025832,4.14863251887255
 TL02,1.334996027119638,2.2285343925318823,1.4160709454715865,1.5832017711851478,1.6587847047350703,1.4519713640172354,2.4518099596749563,1.2211803706863247,1.1339097915067047,1.8981309660068975,1.2855842783823073,1.459105094827079,1.6651796522822664,2.236194114349395,2.055813197635116,2.3727746590581424,1.6790991402825015,1.851079028404075,2.386168023233213,1.80766849625284,1.0962434525603282,1.2410666546245286,0.0,5.152440817990062,1.2557274995810785,1.1686044911496172,1.1285700381498034,1.1748372213231884,1.4537608104444917,1.6682534291200388,1.4734332402707853,1.297123475448038,1.2647833528934687,1.445294851506283,6.517710882964133,3.933785469770708,1.703804254023414,1.298722339353044,2.3812583540565195,2.2341043481743874,10.31053328534275,92.68617372116314,13.235831246517415,8457.738220898726,17.954591714955455,17.288973379553326
 TL01,46.60291309056681,7.108269511130474,6.205496725219826,10.338719579395164,5.435603838824718,13.350980060401975,2.1018903192270946,7.109896817249875,4.778803422572042,2.06560447120878,4.700864118838174,1.418428740769174,1.3761675676163394,1.1250275460999246,1.3470374055115566,1.6914333886109165,1.4328439339899948,1.4231205781724345,1.4473444091462566,1.6816037208955867,11.084781044185362,3.1985331299282294,5.152440817990062,0.0,5.574836519958854,16.318226615507907,5.755644614893008,3.9109638324359475,6.51780362290546,4.90613496836375,6.406358659616323,48.3100742653653,12.877249858843765,16.944846095440766,29.660039608274374,68.0926347686395,9.2936412828253,6.544572067308695,3.9430238314865433,1.7505565520201105,27.941317132601135,2.732841631314637,3.6986566170131807,3.346150145080412,4.942551584659144,5.212606668435602
 TR01,1.307113775279234,2.7884096066763564,1.2252039794487561,1.9852148423054643,2.0297911105706703,1.4288162765809205,1.8122356824824755,1.5453999908036635,1.4371444966629647,1.5077070587991466,1.7104335497173537,3.5246322946472324,4.70972472191457,21.325478263142873,8.392787398775058,5.398732978322575,3.7879939730155505,4.92495283178935,11.761996110624718,1.342823359579587,1.2006205679436384,1.1866612427471936,1.2557274995810785,5.574836519958854,0.0,1.014007281950064,1.1197893814407955,1.2359632133546912,1.3025663671550536,1.4556556475349716,1.3439719377607755,1.2681949879448966,1.2534991592568587,1.3074264674889484,25.85356218396917,5.560231045851282,1.863117306446156,1.366812518279928,3.7264726276403146,7.557513721984726,16.38788498447999,6.2942072649849585,6.901211892319896,10.847509985889362,9.163143973246408,14.019051033558686
 TR02,1.2831330567153585,2.553918842058743,1.2584684829568364,1.8003476842977861,1.7666205271953976,1.3424457889978771,1.965084028232304,1.4119450615538103,1.320569455923796,1.61089726967375,1.5555859079994043,2.4871261732509544,3.0764100559062193,6.031259074665543,4.070317765620621,3.4807909542724693,2.646833783143745,3.1423421344865763,4.95706571514835,1.4649019548601805,1.177878128823183,1.2197988452381763,1.1686044911496172,16.318226615507907,1.014007281950064,0.0,1.0496062733995883,1.1250738636630153,1.293650805573811,1.475119673475834,1.335098894331022,1.2096405786491555,1.1783978539856423,1.271030209579273,29.56293043640899,4.702188230205581,1.7074889831239097,1.2865213127629112,3.3883663401519177,4.081257399635936,20.478622941868736,10.640568349692618,9.860507236946658,19.412159218162934,12.68948745247233,31.053534147473925
 TR03,1.3852517728917872,2.4941991043363494,1.4868847581744207,1.76273563454308,1.57292893772086,1.3120799882861174,2.8223178395107813,1.344552452377921,1.2466311041440625,2.0663718139872738,1.4849089255178032,1.7246996298033817,1.9893170234277255,2.6881699620041477,2.164944400740013,2.2037255196362815,1.7949433292229005,1.9733912247569367,2.4753438497582665,2.0192703875353093,1.258293192217898,1.4454900098251156,1.1285700381498034,5.755644614893008,1.1197893814407955,1.0496062733995883,0.0,1.0212899016710801,1.409228964413755,1.6970834624503661,1.468528972733442,1.218870534459903,1.1497813409072228,1.3167127391967486,54.0365665281664,4.794813373900129,1.6623040565685034,1.2370988118298978,3.196691237092322,2.309964912594088,306.8403494792284,18.729439381625056,30.555255767672396,13.236610538049018,27.532893413105146,10.197460089350564
 TR04,1.5208118436913374,2.6506522673026054,1.7432886102206382,1.8041742313469111,1.5536405541531604,1.3782079717075955,3.541612923501319,1.375026619063139,1.2900874768228436,2.465735222967815,1.5318305264238103,1.618584500109584,1.8239910350000037,2.3391560642433538,1.8441344515561056,1.921743987720391,1.6230285158392554,1.7414853017065965,2.04697921057291,2.6052046334220056,1.3749697589822933,1.6742794591123922,1.1748372213231884,3.9109638324359475,1.2359632133546912,1.1250738636630153,1.0212899016710801,0.0,1.5479533532584688,1.9460305422220807,1.6158384214701358,1.2630870750523546,1.1686661262664444,1.347704277389093,25.354384609538265,4.777223694824844,1.7487184063751786,1.2962834684698386,3.745017099611305,2.0200102661523607,426.89335289611836,9.611360000068727,11.55823282606615,8.052382285476783,9.82892642136532,6.054449800819565
 TR05,1.3990210128721894,2.4554279474433875,1.4839236870433448,2.2029090622343093,2.1961362616671516,1.7206290145915442,1.6971775946392993,1.5010202264587502,1.6450168572340131,1.8573252513361587,1.6215013598243018,3.259290886038855,5.182520601720543,16.188511292037237,10.430723233225937,5.134076328929995,4.333287591222591,5.668043188053705,11.617866038837583,1.5397580279172804,1.3785311116459,1.321322182305747,1.4537608104444917,6.51780362290546,1.3025663671550536,1.293650805573811,1.409228964413755,1.5479533532584688,0.0,1.0521601738125215,1.0603857872078486,1.1322913421723473,1.22802691754738,1.225301853962385,6.898007163370979,5.161741817052937,1.7348247832453845,1.5639537965570565,2.0730211982497786,3.5421185419626764,7.157403051388331,5.816552849199289,6.894467841350569,10.607253009711522,38.95857480499064,6.483411046327297
 TR06,1.4887756894038149,2.5054238216599134,1.5616012217992155,2.3708784783838555,2.714235577622282,2.0003445059787035,1.7209326574222599,1.6932905357158552,1.9086749263345555,1.9994684363727846,1.8123972165935587,4.404695311615152,8.45403863766001,355.0149663304511,71.2270517351573,8.339979126768545,7.135442221576067,11.751138183959421,704.7182494675828,1.585530965470861,1.5218586885288352,1.4022592064116617,1.6682534291200388,4.90613496836375,1.4556556475349716,1.475119673475834,1.6970834624503661,1.9460305422220807,1.0521601738125215,0.0,1.037028378030494,1.1821892266104506,1.3402836062552927,1.3027664906255603,5.400189367888109,5.570401083785789,2.0670920634958314,1.8358126933433654,2.4041788220222706,6.414231428289579,6.597079880673778,4.765225854309771,5.855336185359082,6.9009044331155645,10.999052476220951,4.50976059865276
 TR07,1.4322773935626518,2.4361479720356773,1.4808459783003916,2.081153138101258,2.4779529309443884,1.8411115561119993,1.7021065868304672,1.5198819183095318,1.7063513091089295,1.9925035691905413,1.6254246685933447,3.395351660543057,5.465427613982573,15.910028583823516,10.179248017605447,5.471811851165089,4.551557423703252,5.99398025016019,12.771935247913891,1.5120900327182578,1.377167315420222,1.3259167630706494,1.4734332402707853,6.406358659616323,1.3439719377607755,1.335098894331022,1.468528972733442,1.6158384214701358,1.0603857872078486,1.037028378030494,0.0,1.06618711047376,1.1777983705169386,1.1946655907246913,6.891688267427136,5.651916098118735,1.9498529606607033,1.723222449058231,2.4742784074070223,5.329760357295764,7.298252962813525,6.3916772971006885,7.226529257629561,10.491015634583873,16.44333715375792,5.994162361699412
 TR08,1.46218713928564,2.47555030566931,1.5400001175639813,1.9153989033081202,2.030029045363103,1.6408988510019653,2.0309763014859628,1.4016035265633022,1.501083568271881,2.2628752139957036,1.501604636542427,2.2825093722004524,3.018194693480598,4.364240283528898,3.394908142738096,2.832232893006368,2.467779815975698,2.7763075887208886,3.621052784840027,1.7088862695318794,1.3129109267347094,1.3949643110458678,1.297123475448038,48.3100742653653,1.2681949879448966,1.2096405786491555,1.218870534459903,1.2630870750523546,1.1322913421723473,1.1821892266104506,1.06618711047376,0.0,1.0408694217405143,1.1226900327874247,18.37301256807666,5.840309125460043,1.7901844000556422,1.5477948342207686,2.7384765091566314,3.226880084309122,7.642369806099899,22.928520938284,18.740402676090923,202.76611896717867,61.17230460269765,20.86809542392658
 TR09,1.5064100906145577,2.6266028144793236,1.6185772960517042,1.8218961397548636,1.7889099055589697,1.5158258914364469,2.2876241578923655,1.4016178186308637,1.5000587204636553,2.4799619796370695,1.511146687471049,2.1173357398614545,2.6980840585509775,3.5744320747157103,3.0417193871528565,2.6617191465121675,2.2757199793716163,2.496502357093872,3.097644969470146,1.803162146203941,1.3096183347160275,1.4409340179632686,1.2647833528934687,12.877249858843765,1.2534991592568587,1.1783978539856423,1.1497813409072228,1.1686661262664444,1.22802691754738,1.3402836062552927,1.1777983705169386,1.0408694217405143,0.0,1.1041659160129953,28.939549762938622,4.5510207598912205,1.8378722351032717,1.4933419857316768,2.943280435569415,2.8050633391549,7.570278718751934,28.444324702046003,26.34918422985947,155.5176730667672,80.0014149924622,65.12788223590528
 TR10,1.5077780493137036,2.7364813199221594,1.595909613217675,2.0542830519257747,2.1014281224916287,1.7527744041975846,2.070760638627448,1.550239288566065,1.7453750411563203,2.3479849849871095,1.725811131602518,3.081695490519467,4.271534115607118,8.045303281950497,5.199007546520648,3.5524341649942013,3.170218400947985,3.702210905535721,5.161543179719598,1.719572102701409,1.4197186730638534,1.4461212857850947,1.445294851506283,16.944846095440766,1.3074264674889484,1.271030209579273,1.3167127391967486,1.347704277389093,1.225301853962385,1.3027664906255603,1.1946655907246913,1.1226900327874247,1.1041659160129953,0.0,25.22095438745689,4.364027343547776,2.206784214562079,1.7523206594786112,3.8822411873569593,5.452919889033954,6.985818765698142,13.70485837245182,21.52780217425723,79.17822253269466,109.30315775367364,34.41749540869372
 TBPR1,3.3932534515146973,2.498152419515352,3.1460916536059376,2.943459137436061,7.593359859898268,36.04986709238123,5.21852651979721,4.945119698006674,5.811847959849425,6.525324229139801,4.571583540651037,7.909627154094692,13.35170417769719,18.766581317039076,9.910416096352757,6.472132773141457,13.256538406624266,8.543717616616176,5.291607335580308,4.939942770942927,5.218887733018761,3.913850554103901,6.517710882964133,29.660039608274374,25.85356218396917,29.56293043640899,54.0365665281664,25.354384609538265,6.898007163370979,5.400189367888109,6.891688267427136,18.37301256807666,28.939549762938622,25.22095438745689,0.0,1.702545864742541,2.3946723624861175,8.136742103208574,3.6953925318848313,14.030383744228116,12.917012089555127,2.8939766185744205,1.8014028173402812,1.735008026005821,2.1417536199035085,2.176225768526572
 TBPR2,2.0724404650214145,2.307152182921588,2.3950345519674916,1.5781998656894918,1.8103340171889268,3.105527899364492,3.6338614461845333,3.0030104333730776,3.5279867456390805,5.53661417416654,3.242092137291646,5.1796461312153275,6.485558612887794,12.002769083327864,10.536199055511924,9.08305446543044,9.284089438146761,13.145380543517305,22.93097716412301,5.265872969475321,4.34279164936599,3.7841239458241027,3.933785469770708,68.0926347686395,5.560231045851282,4.702188230205581,4.794813373900129,4.777223694824844,5.161741817052937,5.570401083785789,5.651916098118735,5.840309125460043,4.5510207598912205,4.364027343547776,1.702545864742541,0.0,1.63380263940899,4.189394591556632,5.4842077837722085,7.23906171215882,6.526956617465484,3.595097922257398,2.06716849634952,1.7069409078761288,1.5092818659898803,2.1275124128336724
 TBPR3,1.4585353095269338,1.7343900518193958,1.5012112061331588,1.4246021097036508,1.4458273021797496,1.590257286486477,3.0351110483120203,1.6142927516265344,1.6872419814238604,3.014249530885559,1.8222396492341981,2.2014482180574886,2.678645632109185,3.8135527565279856,3.3606940727480072,3.5760865010667335,3.0778940718437147,3.6271123109711003,5.157747836694118,3.051580912748512,1.9302630136380277,1.9966296190537305,1.703804254023414,9.2936412828253,1.863117306446156,1.7074889831239097,1.6623040565685034,1.7487184063751786,1.7348247832453845,2.0670920634958314,1.9498529606607033,1.7901844000556422,1.8378722351032717,2.206784214562079,2.3946723624861175,1.63380263940899,0.0,1.4568636271306648,2.0629009773911218,1.989563713308353,32.88283237435046,6.012336061974034,2.5495450103108723,2.825434265479811,2.9496467083014086,3.3703768036409922
 TBPR4,1.3950304558990796,1.831825083574993,1.4442300861043347,1.5827569527871383,1.4137489152847393,1.2328185952602337,3.1784410417581093,1.371647456023007,1.3277949229458266,2.260166182174154,1.5896784510961708,1.7208992945919768,2.070885638735986,3.1253354863029377,2.5953134998161764,2.4700760376378983,2.1849435810194264,2.5624293356535004,3.555470571419631,2.609268191414996,1.51435520586203,1.5818277385334965,1.298722339353044,6.544572067308695,1.366812518279928,1.2865213127629112,1.2370988118298978,1.2962834684698386,1.5639537965570565,1.8358126933433654,1.723222449058231,1.5477948342207686,1.4933419857316768,1.7523206594786112,8.136742103208574,4.189394591556632,1.4568636271306648,0.0,1.9160575620921922,1.7054028051930066,27.987564753518527,23.759918265094477,9.696922489251412,46.289688408462716,16.841319481168615,14.26456089371965
 TBAR3,2.0997831134861182,2.445864052825894,2.4530887012765104,3.082177082245993,3.1130597326463536,2.7019387555996137,5.484343972091782,2.2227199665446284,2.299834987420195,6.357720566787286,2.1272416643616667,2.1313580291152503,2.545267991815951,2.63561895060288,4.6537201231580925,5.113247768209726,3.776965567168226,4.113387940705054,5.587457325233275,5.922469235497153,2.931845695831736,2.9906384518579827,2.3812583540565195,3.9430238314865433,3.7264726276403146,3.3883663401519177,3.196691237092322,3.745017099611305,2.0730211982497786,2.4041788220222706,2.4742784074070223,2.7384765091566314,2.943280435569415,3.8822411873569593,3.6953925318848313,5.4842077837722085,2.0629009773911218,1.9160575620921922,0.0,1.8682962865511314,4.973032254150687,5.834976014685821,4.475876436124851,7.777454102658855,10.116222095310153,3.5066919374009724
 TBAR4,3.472338965835748,3.0508699981469967,7.948724793677771,2.715074148966179,1.8863992532522338,2.044989409260436,9.214343114672387,2.2020346566109534,2.1418944959261106,11.593495561004083,2.399737339889783,1.522248512512655,1.7288365222276747,1.7137410678144793,1.7116346985413275,2.055046505256649,1.849576697679312,1.9205809915436247,2.0178856603678006,5.9361557438947665,4.277489542387009,13.22604294765097,2.2341043481743874,1.7505565520201105,7.557513721984726,4.081257399635936,2.309964912594088,2.0200102661523607,3.5421185419626764,6.414231428289579,5.329760357295764,3.226880084309122,2.8050633391549,5.452919889033954,14.030383744228116,7.23906171215882,1.989563713308353,1.7054028051930066,1.8682962865511314,0.0,18.987049891678268,8.713454283018761,79.05006257385544,13.78336395377342,9.94776718508942,33.83912101102576
 TLR01,6.814977461532315,8.193364503694024,6.500364289021536,6.140602833184264,6.9101394693774925,20.80499939882167,4.09703406017434,9.516337556572271,12.585914470898377,6.406278655097493,5.9132165052007535,22.447837448288542,45.71414761013572,51.15029673700763,64.78676993415223,11.73323603495908,11.565097535918596,10.388349608961843,10.091897766633345,5.98551814088193,5.7925268230666145,4.930032029091327,10.31053328534275,27.941317132601135,16.38788498447999,20.478622941868736,306.8403494792284,426.89335289611836,7.157403051388331,6.597079880673778,7.298252962813525,7.642369806099899,7.570278718751934,6.985818765698142,12.917012089555127,6.526956617465484,32.88283237435046,27.987564753518527,4.973032254150687,18.987049891678268,0.0,1.8769145014541098,3.2770097870667176,3.4822595235627065,4.26123047507224,4.021851184545141
 TLR02,4.541512276967396,5.898532044145135,3.204670739156023,4.219737421845577,7.922669013642401,11.450971334450905,2.7420563329444736,17.630868098720008,28.75157439947824,3.1404815576934926,14.177680647139576,4.904587447199028,4.392354413160224,3.378459678756652,2.8794927396212113,3.8395214751362454,3.853281615934143,3.613190780777624,3.289428443561238,2.764025432296951,5.8850467637768595,3.403904533348904,92.68617372116314,2.732841631314637,6.2942072649849585,10.640568349692618,18.729439381625056,9.611360000068727,5.816552849199289,4.765225854309771,6.3916772971006885,22.928520938284,28.444324702046003,13.70485837245182,2.8939766185744205,3.595097922257398,6.012336061974034,23.759918265094477,5.834976014685821,8.713454283018761,1.8769145014541098,0.0,1.4612281934270805,1.603561918124348,2.116425080016924,2.127354197655559
 TLR03,3.9663944329877783,4.46245120857425,2.8663798617268403,3.14042318543426,5.424574393453109,7.900424914409959,3.4664946917914268,15.379578999830668,13.733917059155782,3.977885242860047,11.874010020122528,8.19261196969288,6.103235046766324,4.675951390664712,3.8914504282928175,4.672502787688462,5.067845722988726,4.313525784715732,3.627607165854467,3.1159774714988786,5.302477085933656,3.5164218110756296,13.235831246517415,3.6986566170131807,6.901211892319896,9.860507236946658,30.555255767672396,11.55823282606615,6.894467841350569,5.855336185359082,7.226529257629561,18.740402676090923,26.34918422985947,21.52780217425723,1.8014028173402812,2.06716849634952,2.5495450103108723,9.696922489251412,4.475876436124851,79.05006257385544,3.2770097870667176,1.4612281934270805,0.0,1.1341380560125236,1.4184786007824977,1.4321926416600692
 TLR04,4.7594917822023755,4.57481099554053,3.071855882277143,3.0431137401180344,6.227520681244636,16.9136145109664,3.241451198435786,53.369015776087984,47.475637405472035,4.11463720624552,20.698636237325402,5.591401589836648,4.625364681850594,3.708978264092148,3.4480377816575563,4.248108796924127,4.006175116428396,3.6306373977795374,3.26878305665764,3.3534339094347168,8.044965784063438,4.391592746498053,8457.738220898726,3.346150145080412,10.847509985889362,19.412159218162934,13.236610538049018,8.052382285476783,10.607253009711522,6.9009044331155645,10.491015634583873,202.76611896717867,155.5176730667672,79.17822253269466,1.735008026005821,1.7069409078761288,2.825434265479811,46.289688408462716,7.777454102658855,13.78336395377342,3.4822595235627065,1.603561918124348,1.1341380560125236,0.0,1.1522530273069747,1.2441900615195154
 TLR05,3.3486795700448364,3.4243390254994504,2.546909249637421,2.194619954434342,3.8796521460949105,6.257413324765023,3.491300914102038,12.625611125115308,11.85827429643198,4.9340559042615215,8.08613277387474,14.07072698137011,10.058382077269245,6.646751720449799,5.1149402366201056,6.529251471550226,6.070957793282447,5.207074971451759,4.347501934257163,3.7464148670347464,6.894886772740228,4.21928551025832,17.954591714955455,4.942551584659144,9.163143973246408,12.68948745247233,27.532893413105146,9.82892642136532,38.95857480499064,10.999052476220951,16.44333715375792,61.17230460269765,80.0014149924622,109.30315775367364,2.1417536199035085,1.5092818659898803,2.9496467083014086,16.841319481168615,10.116222095310153,9.94776718508942,4.26123047507224,2.116425080016924,1.4184786007824977,1.1522530273069747,0.0,1.2459962304761867
 TLR06,3.285550463231123,4.126788007999419,2.695598654585159,2.9330806047143883,7.430291164736558,14.579854082904635,3.139359361236288,11.483292364485921,11.3767643624137,4.947117446663751,7.91796869655041,10.844305801537365,8.187771728299678,6.321649098039957,4.925082655733329,6.954912847809585,6.118885459954002,5.302907398925359,4.532043785968166,3.572883412752274,6.667200609850858,4.14863251887255,17.288973379553326,5.212606668435602,14.019051033558686,31.053534147473925,10.197460089350564,6.054449800819565,6.483411046327297,4.50976059865276,5.994162361699412,20.86809542392658,65.12788223590528,34.41749540869372,2.176225768526572,2.1275124128336724,3.3703768036409922,14.26456089371965,3.5066919374009724,33.83912101102576,4.021851184545141,2.127354197655559,1.4321926416600692,1.2441900615195154,1.2459962304761867,0.0
